# Matter power spectrum P(k) at redshift z=0
# for k=9.56569e-06 to 0.575947 h/Mpc,
# number of wavenumbers equal to 563
#    1:k (h/Mpc)              2:P (Mpc/h)^3        
       9.565694446273e-06       7.448609335386e+01 
       2.140762943876e-05       1.623217964128e+02 
       3.328468022488e-05       2.487241746948e+02 
       4.522384558581e-05       3.345295830449e+02 
       5.725250154802e-05       4.202073689276e+02 
       6.939860781660e-05       5.061048147056e+02 
       8.169091981789e-05       5.925154171138e+02 
       9.415920876469e-05       6.797065875027e+02 
       1.068344921766e-04       7.679336066232e+02 
       1.197492773123e-04       8.574478740016e+02 
       1.329378199884e-04       9.485024311939e+02 
       1.464364012575e-04       1.041356109112e+03 
       1.602836243749e-04       1.136276925444e+03 
       1.745207343784e-04       1.233545095668e+03 
       1.891919623963e-04       1.333455800484e+03 
       2.043448964491e-04       1.436321909523e+03 
       2.200308799538e-04       1.542476632732e+03 
       2.363054383065e-04       1.652276211788e+03 
       2.532287327104e-04       1.766102610525e+03 
       2.708660387137e-04       1.884366219687e+03 
       2.892882445928e-04       2.007508537654e+03 
       3.085723615808e-04       2.136004751407e+03 
       3.288020338397e-04       2.270366138161e+03 
       3.500680308135e-04       2.411142157985e+03 
       3.724686980270e-04       2.558922047660e+03 
       3.961103344396e-04       2.714335717465e+03 
       4.211074551674e-04       2.878053626607e+03 
       4.475828880647e-04       3.050785356353e+03 
       4.756676419535e-04       3.233276403413e+03 
       5.055004743972e-04       3.426302837249e+03 
       5.372270796377e-04       3.630663264421e+03 
       5.709988152274e-04       3.847167726802e+03 
       6.069708921995e-04       4.076623142320e+03 
       6.452999719410e-04       4.319815025337e+03 
       6.861411465210e-04       4.577485605703e+03 
       7.296443299892e-04       4.850308787216e+03 
       7.759501551569e-04       5.138862627208e+03 
       8.251855484520e-04       5.443600971603e+03 
       8.774592344025e-04       5.764825838387e+03 
       9.328574863915e-04       6.102662955748e+03 
       9.914404747377e-04       6.457042615430e+03 
       1.053239552297e-03       6.827688298878e+03 
       1.118255754541e-03       7.214114335852e+03 
       1.186459679785e-03       7.615633707738e+03 
       1.257792772642e-03       8.031325389722e+03 
       1.332169885412e-03       8.460200101545e+03 
       1.409482865595e-03       8.901104657247e+03 
       1.489604834695e-03       9.352787601781e+03 
       1.572394794227e-03       9.813939907896e+03 
       1.657702216736e-03       1.028322725347e+04 
       1.745371339998e-03       1.075932024396e+04 
       1.835244963773e-03       1.124091926640e+04 
       1.927167633469e-03       1.172677513121e+04 
       2.020988170674e-03       1.221570504576e+04 
       2.116561569483e-03       1.270660186832e+04 
       2.213750317384e-03       1.319844163474e+04 
       2.312425221782e-03       1.369028512149e+04 
       2.412465831389e-03       1.418127888660e+04 
       2.513760539887e-03       1.467064969682e+04 
       2.616206451172e-03       1.515771053384e+04 
       2.719709074348e-03       1.564183963808e+04 
       2.824181904465e-03       1.612249385521e+04 
       2.929545933342e-03       1.659918822947e+04 
       3.035729124395e-03       1.707149776982e+04 
       3.142665876543e-03       1.753905219234e+04 
       3.250296495057e-03       1.800152592404e+04 
       3.358566681522e-03       1.845863884881e+04 
       3.467427050722e-03       1.891014795697e+04 
       3.576832678972e-03       1.935584308849e+04 
       3.686742686066e-03       1.979555025698e+04 
       3.797119851305e-03       2.022911713955e+04 
       3.907930262929e-03       2.065641927957e+04 
       4.019142999512e-03       2.107735408364e+04 
       4.130729841446e-03       2.149183656768e+04 
       4.242665010363e-03       2.189981535398e+04 
       4.354924934263e-03       2.230116388570e+04 
       4.467488036127e-03       2.269587212512e+04 
       4.580334543851e-03       2.308405075457e+04 
       4.693446319447e-03       2.346557010008e+04 
       4.806806705622e-03       2.384041747675e+04 
       4.920400387962e-03       2.420882658766e+04 
       5.034213271115e-03       2.457058366992e+04 
       5.148232367516e-03       2.492576207844e+04 
       5.262445697341e-03       2.527429018036e+04 
       5.376842198485e-03       2.561528700418e+04 
       5.491411645531e-03       2.595072400259e+04 
       5.606144576719e-03       2.627942782605e+04 
       5.721032228110e-03       2.660193418347e+04 
       5.836066474148e-03       2.691815738811e+04 
       5.951239773966e-03       2.722810050631e+04 
       6.066545122833e-03       2.753160863126e+04 
       6.181976008202e-03       2.782902622290e+04 
       6.297526369878e-03       2.812107525038e+04 
       6.413190563894e-03       2.840629698372e+04 
       6.528963329712e-03       2.868552224899e+04 
       6.644839760402e-03       2.895903162387e+04 
       6.760815275514e-03       2.922627452257e+04 
       6.876885596372e-03       2.948796642235e+04 
       6.993046723542e-03       2.974321056213e+04 
       7.109294916269e-03       2.999325989234e+04 
       7.225626673691e-03       3.023732386117e+04 
       7.342038717663e-03       3.047575298880e+04 
       7.458527977024e-03       3.070990214820e+04 
       7.575091573194e-03       3.093744360682e+04 
       7.691726806949e-03       3.115943489456e+04 
       7.808431146296e-03       3.137614577876e+04 
       7.925202215320e-03       3.158748970208e+04 
       8.042037783930e-03       3.179358997138e+04 
       8.158935758425e-03       3.199458552774e+04 
       8.275894172800e-03       3.218885174267e+04 
       8.392911180726e-03       3.238092898851e+04 
       8.509985048154e-03       3.256654710278e+04 
       8.627114146487e-03       3.274719776459e+04 
       8.744296946264e-03       3.292179407272e+04 
       8.861532011320e-03       3.309409617639e+04 
       8.978817993388e-03       3.325889581278e+04 
       9.096153627088e-03       3.342036438160e+04 
       9.213537725293e-03       3.357828543562e+04 
       9.330969174825e-03       3.373047113151e+04 
       9.448446932469e-03       3.387688029641e+04 
       9.565970021263e-03       3.402108184020e+04 
       9.683537527061e-03       3.415974035824e+04 
       9.801148595329e-03       3.429396740553e+04 
       9.918802428180e-03       3.442265742323e+04 
       1.003649828160e-02       3.454958151011e+04 
       1.015423546287e-02       3.467074054487e+04 
       1.027201332819e-02       3.478661948345e+04 
       1.038983128043e-02       3.490090031302e+04 
       1.050768876705e-02       3.500852699556e+04 
       1.062558527817e-02       3.511469053453e+04 
       1.074352034478e-02       3.521425508291e+04 
       1.086149353703e-02       3.531279830567e+04 
       1.097950446269e-02       3.540563102868e+04 
       1.109755276568e-02       3.549356805449e+04 
       1.121563812469e-02       3.558030410987e+04 
       1.133376025197e-02       3.566212566489e+04 
       1.145191889207e-02       3.574029653531e+04 
       1.157011382080e-02       3.581451292900e+04 
       1.168834484419e-02       3.588542735037e+04 
       1.180661179755e-02       3.595100909923e+04 
       1.192491454454e-02       3.601535696571e+04 
       1.204325297640e-02       3.607628710278e+04 
       1.216162701117e-02       3.613174023894e+04 
       1.228003659298e-02       3.618651727589e+04 
       1.239848169137e-02       3.623684414481e+04 
       1.251696230074e-02       3.628229900254e+04 
       1.263547843975e-02       3.632687266962e+04 
       1.275403015080e-02       3.636624507541e+04 
       1.287261749960e-02       3.640463615936e+04 
       1.299124057468e-02       3.643847106453e+04 
       1.310989948705e-02       3.646872408670e+04 
       1.322859436979e-02       3.649728568565e+04 
       1.334732537775e-02       3.652158766473e+04 
       1.346609268726e-02       3.654247590847e+04 
       1.358489649586e-02       3.656342781479e+04 
       1.370373702206e-02       3.657965166820e+04 
       1.382261450514e-02       3.659300102301e+04 
       1.394152920496e-02       3.660337833852e+04 
       1.406048140184e-02       3.660970921365e+04 
       1.417947139639e-02       3.661647834836e+04 
       1.429849950943e-02       3.661868339523e+04 
       1.441756608192e-02       3.661691058343e+04 
       1.453667147487e-02       3.661419967465e+04 
       1.465581606932e-02       3.661020961215e+04 
       1.477500026632e-02       3.660085608521e+04 
       1.489422448696e-02       3.659011806875e+04 
       1.501348917235e-02       3.657873330116e+04 
       1.513279478368e-02       3.656185894138e+04 
       1.525214180230e-02       3.654543085691e+04 
       1.537153072978e-02       3.652382541069e+04 
       1.549096208802e-02       3.650282614605e+04 
       1.561043641935e-02       3.647663715721e+04 
       1.572995428667e-02       3.644958554273e+04 
       1.584951627361e-02       3.642042672721e+04 
       1.596912298470e-02       3.638886080730e+04 
       1.608877504553e-02       3.635540111133e+04 
       1.620847310296e-02       3.631981970079e+04 
       1.632821782536e-02       3.628201147494e+04 
       1.644800990279e-02       3.624227718029e+04 
       1.656785004732e-02       3.620045161466e+04 
       1.668773899322e-02       3.615796085931e+04 
       1.680767749732e-02       3.611132245750e+04 
       1.692766633922e-02       3.606461910501e+04 
       1.704770632168e-02       3.601402906789e+04 
       1.716779827091e-02       3.596209956194e+04 
       1.728794303693e-02       3.590944253153e+04 
       1.740814149392e-02       3.585401444405e+04 
       1.752839454060e-02       3.579857884145e+04 
       1.764870310066e-02       3.574005476116e+04 
       1.776906812310e-02       3.567841741446e+04 
       1.788949058276e-02       3.561782606954e+04 
       1.800997148067e-02       3.555410899850e+04 
       1.813051184457e-02       3.548808891195e+04 
       1.825111272938e-02       3.542131663882e+04 
       1.837177521770e-02       3.535299188705e+04 
       1.849250042032e-02       3.528339761197e+04 
       1.861328947679e-02       3.521285009796e+04 
       1.873414355593e-02       3.513896169662e+04 
       1.885506385643e-02       3.506543402772e+04 
       1.897605160747e-02       3.498859906137e+04 
       1.909710806928e-02       3.491220983959e+04 
       1.921823453383e-02       3.483343643603e+04 
       1.933943232548e-02       3.475369295974e+04 
       1.946070280162e-02       3.467348404418e+04 
       1.958204735343e-02       3.459110223508e+04 
       1.970346740657e-02       3.450664554694e+04 
       1.982496442194e-02       3.442282208579e+04 
       1.994653989645e-02       3.433668356829e+04 
       2.006819536384e-02       3.424959566192e+04 
       2.018993239546e-02       3.416090898952e+04 
       2.031175260116e-02       3.407168752824e+04 
       2.043365763017e-02       3.397977906738e+04 
       2.055564917197e-02       3.388882720683e+04 
       2.067772895725e-02       3.379632822207e+04 
       2.079989875888e-02       3.370259027688e+04 
       2.092216039288e-02       3.360745985767e+04 
       2.104451571947e-02       3.351170736094e+04 
       2.116696664413e-02       3.341502668677e+04 
       2.128951511864e-02       3.331672633495e+04 
       2.141216314230e-02       3.321880730485e+04 
       2.153491276300e-02       3.311966117230e+04 
       2.165776607848e-02       3.301846821737e+04 
       2.178072523754e-02       3.291770395940e+04 
       2.190379244133e-02       3.281568387107e+04 
       2.202696994465e-02       3.271300803279e+04 
       2.215026005733e-02       3.260909958728e+04 
       2.227366514563e-02       3.250479644197e+04 
       2.239718763369e-02       3.239980609629e+04 
       2.252083000503e-02       3.229395344143e+04 
       2.264459480406e-02       3.218763674202e+04 
       2.276848463774e-02       3.208053197316e+04 
       2.289250217717e-02       3.197277348934e+04 
       2.301665015935e-02       3.186438803685e+04 
       2.314093138888e-02       3.175532089492e+04 
       2.326534873981e-02       3.164573006302e+04 
       2.338990515754e-02       3.153550833961e+04 
       2.351460366070e-02       3.142476708908e+04 
       2.363944734322e-02       3.131341152581e+04 
       2.376443937640e-02       3.120166890605e+04 
       2.388958301100e-02       3.108941042902e+04 
       2.401488157955e-02       3.097673049663e+04 
       2.414033849856e-02       3.086336567437e+04 
       2.426595727096e-02       3.074967361623e+04 
       2.439174148855e-02       3.063548170584e+04 
       2.451769483452e-02       3.052097173241e+04 
       2.464382108613e-02       3.040663781326e+04 
       2.477012411742e-02       3.029124073811e+04 
       2.489660790204e-02       3.017563279706e+04 
       2.502327651619e-02       3.005958054351e+04 
       2.515013414165e-02       2.994318614372e+04 
       2.527718506897e-02       2.982661909949e+04 
       2.540443370070e-02       2.970902060709e+04 
       2.553188455477e-02       2.959233737465e+04 
       2.565954226806e-02       2.947471476837e+04 
       2.578741160000e-02       2.935697411566e+04 
       2.591549743639e-02       2.923837412193e+04 
       2.604380479333e-02       2.912061543412e+04 
       2.617233882126e-02       2.900164100972e+04 
       2.630110480928e-02       2.888326888723e+04 
       2.643010818950e-02       2.876437898483e+04 
       2.655935454166e-02       2.864552358129e+04 
       2.668884959786e-02       2.852634031088e+04 
       2.681859924756e-02       2.840707179875e+04 
       2.694860954270e-02       2.828742739586e+04 
       2.707888670310e-02       2.816795865549e+04 
       2.720943712201e-02       2.804830560569e+04 
       2.734026737198e-02       2.792848766778e+04 
       2.747138421085e-02       2.780843457326e+04 
       2.760279458815e-02       2.768864380687e+04 
       2.773450565162e-02       2.756862304404e+04 
       2.786652475410e-02       2.744822750488e+04 
       2.799885946070e-02       2.732831193089e+04 
       2.813151755626e-02       2.720800087701e+04 
       2.826450705315e-02       2.708813218545e+04 
       2.839783619945e-02       2.696776664458e+04 
       2.853151348741e-02       2.684746298253e+04 
       2.866554766240e-02       2.672738624516e+04 
       2.879994773218e-02       2.660731675978e+04 
       2.893472297661e-02       2.648709193517e+04 
       2.906988295788e-02       2.636701161527e+04 
       2.920543753112e-02       2.624696572364e+04 
       2.934139685559e-02       2.612736429653e+04 
       2.947777140632e-02       2.600748407677e+04 
       2.961457198644e-02       2.588736272820e+04 
       2.975180973995e-02       2.576775278126e+04 
       2.988949616523e-02       2.564781732016e+04 
       3.002764312920e-02       2.552848239419e+04 
       3.016626288215e-02       2.540896605560e+04 
       3.030536807334e-02       2.528942033329e+04 
       3.044497176742e-02       2.517015164871e+04 
       3.058508746165e-02       2.505098203919e+04 
       3.072572910407e-02       2.493219297088e+04 
       3.086691111258e-02       2.481329270013e+04 
       3.100864839505e-02       2.469461070912e+04 
       3.115095637053e-02       2.457570934372e+04 
       3.129385099159e-02       2.445743855726e+04 
       3.143734876790e-02       2.433892711767e+04 
       3.158146679108e-02       2.422113552430e+04 
       3.172622276104e-02       2.410283917910e+04 
       3.187163501369e-02       2.398492823348e+04 
       3.201772255034e-02       2.386750530708e+04 
       3.216450506874e-02       2.374974833676e+04 
       3.231200299601e-02       2.363271380130e+04 
       3.246023752347e-02       2.351533488865e+04 
       3.260923064355e-02       2.339830883003e+04 
       3.275900518902e-02       2.328189426727e+04 
       3.290958487457e-02       2.316502825596e+04 
       3.306099434100e-02       2.304848683750e+04 
       3.321325920217e-02       2.293233753338e+04 
       3.336640609501e-02       2.281630144815e+04 
       3.352046273270e-02       2.270053232413e+04 
       3.367545796135e-02       2.258488205876e+04 
       3.383142182046e-02       2.246949734767e+04 
       3.398838560737e-02       2.235431255684e+04 
       3.414638194622e-02       2.223917458334e+04 
       3.430544486150e-02       2.212435843382e+04 
       3.446560985688e-02       2.200966607160e+04 
       3.462691399957e-02       2.189526011175e+04 
       3.478939601068e-02       2.178097290276e+04 
       3.495309636227e-02       2.166698960483e+04 
       3.511805738146e-02       2.155334797553e+04 
       3.528432336239e-02       2.143948832184e+04 
       3.545194068670e-02       2.132597991804e+04 
       3.562095795323e-02       2.121266732547e+04 
       3.579142611794e-02       2.109954296378e+04 
       3.596339864489e-02       2.098663491245e+04 
       3.613693166946e-02       2.087389046157e+04 
       3.631208417480e-02       2.076134057505e+04 
       3.648891818318e-02       2.064895508480e+04 
       3.666749896327e-02       2.053670021406e+04 
       3.684789525540e-02       2.042488501399e+04 
       3.703017951642e-02       2.031269115078e+04 
       3.721442818627e-02       2.020098324178e+04 
       3.740072197870e-02       2.008926588122e+04 
       3.758914619859e-02       1.997783862278e+04 
       3.777979108899e-02       1.986648598836e+04 
       3.797275221117e-02       1.975551540954e+04 
       3.816813086141e-02       1.964408951746e+04 
       3.836603452897e-02       1.953302852283e+04 
       3.856657740005e-02       1.942214254782e+04 
       3.876988091325e-02       1.931126823552e+04 
       3.897607437315e-02       1.920053653373e+04 
       3.918529562909e-02       1.908976420942e+04 
       3.939769182756e-02       1.897916085215e+04 
       3.961342024809e-02       1.886855016536e+04 
       3.983264923343e-02       1.875795525394e+04 
       4.005555922725e-02       1.864731978837e+04 
       4.028234393413e-02       1.853677950072e+04 
       4.051321161929e-02       1.842605884317e+04 
       4.074838656847e-02       1.831566563188e+04 
       4.098811073166e-02       1.820463785532e+04 
       4.123264557868e-02       1.809384888242e+04 
       4.148227419954e-02       1.798336902223e+04 
       4.173730368853e-02       1.787229249430e+04 
       4.199806785821e-02       1.776075900383e+04 
       4.226493033831e-02       1.764947542613e+04 
       4.253828812529e-02       1.753798562036e+04 
       4.281857566146e-02       1.742619190980e+04 
       4.310626953855e-02       1.731374670390e+04 
       4.340189394078e-02       1.720132431150e+04 
       4.370602696674e-02       1.708846860288e+04 
       4.401930800040e-02       1.697565628114e+04 
       4.434244633951e-02       1.686228580829e+04 
       4.467623133771e-02       1.674746334820e+04 
       4.502154437707e-02       1.663277931144e+04 
       4.537937306404e-02       1.651809857705e+04 
       4.575082813824e-02       1.640119026040e+04 
       4.613716370682e-02       1.628496961682e+04 
       4.653980157327e-02       1.616698980482e+04 
       4.696036062948e-02       1.604820018064e+04 
       4.740069253376e-02       1.592811347895e+04 
       4.786292522038e-02       1.580608901697e+04 
       4.834951619227e-02       1.568302533623e+04 
       4.886331805300e-02       1.555861845099e+04 
       4.940765934444e-02       1.543242461844e+04 
       4.998644446296e-02       1.530261213714e+04 
       5.060427717221e-02       1.517075083563e+04 
       5.126661286362e-02       1.503516653168e+04 
       5.197994488236e-02       1.489573405148e+04 
       5.275202919036e-02       1.475037830044e+04 
       5.359214788503e-02       1.459923501854e+04 
       5.451140279955e-02       1.443948700200e+04 
       5.552301053948e-02       1.426831758250e+04 
       5.664253178167e-02       1.408371428499e+04 
       5.788789996754e-02       1.388034238082e+04 
       5.927901112942e-02       1.365176183045e+04 
       6.083651646050e-02       1.338881007648e+04 
       6.257941354670e-02       1.308306692375e+04 
       6.452127419945e-02       1.272203678792e+04 
       6.666573324291e-02       1.229409670676e+04 
       6.900306331488e-02       1.179513497715e+04 
       7.151020489326e-02       1.122475813519e+04 
       7.415514775205e-02       1.059785196411e+04 
       7.690370045271e-02       9.935399694791e+03 
       7.972530175023e-02       9.265371998412e+03 
       8.259591899175e-02       8.616883648954e+03 
       8.549828506856e-02       8.013677305358e+03 
       8.842073193586e-02       7.474522173919e+03 
       9.135568605218e-02       7.009768398402e+03 
       9.429835624044e-02       6.622410267473e+03 
       9.724575983593e-02       6.309369411290e+03 
       1.001960583215e-01       6.062653349410e+03 
       1.031481252079e-01       5.870365761022e+03 
       1.061012727124e-01       5.718549611240e+03 
       1.090550817281e-01       5.592718573605e+03 
       1.120092970977e-01       5.478094985987e+03 
       1.149637634950e-01       5.361934837139e+03 
       1.179183863096e-01       5.233805313458e+03 
       1.208731078367e-01       5.086940757431e+03 
       1.238278928010e-01       4.918712003404e+03 
       1.267827195621e-01       4.729910404405e+03 
       1.297375747736e-01       4.524343602190e+03 
       1.326924501392e-01       4.308820624157e+03 
       1.356473404434e-01       4.090361986099e+03 
       1.386022423544e-01       3.877059571241e+03 
       1.415571536965e-01       3.675691296283e+03 
       1.445120730076e-01       3.491819486740e+03 
       1.474669992697e-01       3.329106358739e+03 
       1.504219317437e-01       3.189222690382e+03 
       1.533768698693e-01       3.072102647237e+03 
       1.563318132024e-01       2.976120527895e+03 
       1.592867613774e-01       2.898267660220e+03 
       1.622417140826e-01       2.834598275058e+03 
       1.651966710457e-01       2.781019335271e+03 
       1.681516320238e-01       2.733323047555e+03 
       1.711065967969e-01       2.687491476563e+03 
       1.740615651642e-01       2.639217481147e+03 
       1.770165369405e-01       2.585780296442e+03 
       1.799715119541e-01       2.525350837045e+03 
       1.829264900456e-01       2.457664922806e+03 
       1.858814710662e-01       2.383311081542e+03 
       1.888364548768e-01       2.303913406448e+03 
       1.917914413472e-01       2.221871820590e+03 
       1.947464303552e-01       2.139282158962e+03 
       1.977014217861e-01       2.058736589896e+03 
       2.006564155319e-01       1.982040781581e+03 
       2.036114114912e-01       1.910844239356e+03 
       2.065664095681e-01       1.846199134112e+03 
       2.095214096726e-01       1.788731440925e+03 
       2.124764117194e-01       1.738504507700e+03 
       2.154314156280e-01       1.695132462604e+03 
       2.183864213223e-01       1.657666894576e+03 
       2.213414287304e-01       1.625154936186e+03 
       2.242964377840e-01       1.596134635326e+03 
       2.272514484186e-01       1.569151146415e+03 
       2.302064605729e-01       1.542878090743e+03 
       2.331614741887e-01       1.516214736028e+03 
       2.361164892109e-01       1.488297302608e+03 
       2.390715055869e-01       1.458682019396e+03 
       2.420265232669e-01       1.427104519560e+03 
       2.449815422035e-01       1.393595420678e+03 
       2.479365623513e-01       1.358482109520e+03 
       2.508915836674e-01       1.322422077969e+03 
       2.538466061107e-01       1.286062151807e+03 
       2.568016296421e-01       1.250204933673e+03 
       2.597566542242e-01       1.215538304449e+03 
       2.627116798215e-01       1.182694228505e+03 
       2.656667063997e-01       1.152104204155e+03 
       2.686217339265e-01       1.123986988941e+03 
       2.715767623706e-01       1.098349509241e+03 
       2.745317917023e-01       1.075087611282e+03 
       2.774868218930e-01       1.053957013841e+03 
       2.804418529156e-01       1.034600524617e+03 
       2.833968847437e-01       1.016631373508e+03 
       2.863519173523e-01       9.996714400032e+02 
       2.893069507175e-01       9.832056440579e+02 
       2.922619848161e-01       9.669419052131e+02 
       2.952170196261e-01       9.505522522244e+02 
       2.981720551261e-01       9.337867819320e+02 
       3.011270912957e-01       9.165380774249e+02 
       3.040821281154e-01       8.988002252432e+02 
       3.070371655662e-01       8.807603284145e+02 
       3.099922036300e-01       8.624912463053e+02 
       3.129472422895e-01       8.442804177371e+02 
       3.159022815277e-01       8.262273907975e+02 
       3.188573213286e-01       8.085643304798e+02 
       3.218123616765e-01       7.914950852946e+02 
       3.247674025565e-01       7.751841242871e+02 
       3.277224439541e-01       7.596703534193e+02 
       3.306774858553e-01       7.450772029593e+02 
       3.336325282468e-01       7.313890766257e+02 
       3.365875711155e-01       7.185397532502e+02 
       3.395426144490e-01       7.064209443871e+02 
       3.424976582351e-01       6.949320728612e+02 
       3.454527024622e-01       6.838369060082e+02 
       3.484077471190e-01       6.730849106077e+02 
       3.513627921947e-01       6.625367658100e+02 
       3.543178376786e-01       6.521079548156e+02 
       3.572728835608e-01       6.417537484896e+02 
       3.602279298312e-01       6.313595329421e+02 
       3.631829764804e-01       6.209869144066e+02 
       3.661380234992e-01       6.105534499180e+02 
       3.690930708786e-01       6.001459914077e+02 
       3.720481186101e-01       5.898185152736e+02 
       3.750031666853e-01       5.795531123876e+02 
       3.779582150960e-01       5.695042226370e+02 
       3.809132638345e-01       5.596873375510e+02 
       3.838683128932e-01       5.501577984099e+02 
       3.868233622646e-01       5.409338498337e+02 
       3.897784119417e-01       5.320327518893e+02 
       3.927334619175e-01       5.234546305026e+02 
       3.956885121854e-01       5.151935659983e+02 
       3.986435627387e-01       5.072444850355e+02 
       4.015986135711e-01       4.996004169355e+02 
       4.045536646766e-01       4.921877048140e+02 
       4.075087160491e-01       4.850329993894e+02 
       4.104637676829e-01       4.780381899336e+02 
       4.134188195724e-01       4.711614380233e+02 
       4.163738717120e-01       4.644073706329e+02 
       4.193289240966e-01       4.576942659161e+02 
       4.222839767208e-01       4.510847731339e+02 
       4.252390295798e-01       4.445209928148e+02 
       4.281940826685e-01       4.379938129057e+02 
       4.311491359824e-01       4.315513051647e+02 
       4.341041895167e-01       4.251795182690e+02 
       4.370592432671e-01       4.188885913233e+02 
       4.400142972290e-01       4.126974009958e+02 
       4.429693513983e-01       4.066189569459e+02 
       4.459244057709e-01       4.006823054075e+02 
       4.488794603426e-01       3.949056340507e+02 
       4.518345151097e-01       3.892892267874e+02 
       4.547895700682e-01       3.838357657688e+02 
       4.577446252145e-01       3.785350546678e+02 
       4.606996805449e-01       3.733865346032e+02 
       4.636547360559e-01       3.683458996383e+02 
       4.666097917440e-01       3.634471741113e+02 
       4.695648476060e-01       3.586420893768e+02 
       4.725199036384e-01       3.539295101724e+02 
       4.754749598382e-01       3.493057872709e+02 
       4.784300162022e-01       3.447607744740e+02 
       4.813850727274e-01       3.402658188111e+02 
       4.843401294109e-01       3.358138793368e+02 
       4.872951862497e-01       3.314250410479e+02 
       4.902502432410e-01       3.270902407395e+02 
       4.932053003821e-01       3.228166546384e+02 
       4.961603576703e-01       3.186107126275e+02 
       4.991154151029e-01       3.144912513849e+02 
       5.020704726775e-01       3.104272712450e+02 
       5.050255303915e-01       3.064407701396e+02 
       5.079805882425e-01       3.025274692812e+02 
       5.109356462281e-01       2.986882103334e+02 
       5.138907043459e-01       2.949289166055e+02 
       5.168457625937e-01       2.912356745753e+02 
       5.198008209693e-01       2.876326518922e+02 
       5.227558794705e-01       2.841064291354e+02 
       5.257109380951e-01       2.806509589600e+02 
       5.286659968411e-01       2.772627429487e+02 
       5.316210557066e-01       2.739255015571e+02 
       5.345761146893e-01       2.706483739218e+02 
       5.375311737876e-01       2.674247877141e+02 
       5.404862329993e-01       2.642490001379e+02 
       5.434412923227e-01       2.611239400040e+02 
       5.463963517560e-01       2.580471390796e+02 
       5.493514112974e-01       2.550149806977e+02 
       5.523064709452e-01       2.520239573056e+02 
       5.552615306976e-01       2.490724596936e+02 
       5.582165905529e-01       2.461590552041e+02 
       5.611716505096e-01       2.432897291163e+02 
       5.641267105661e-01       2.404660251181e+02 
       5.670817707207e-01       2.377000383691e+02 
       5.700368309720e-01       2.349681278874e+02 
       5.729918913185e-01       2.322990359267e+02 
       5.759469517586e-01       2.296624707297e+02 
