# Matter power spectrum P(k) at redshift z=0
# for k=9.57145e-06 to 0.575881 h/Mpc,
# number of wavenumbers equal to 560
#    1:k (h/Mpc)              2:P (Mpc/h)^3        
       9.571449292006e-06       7.459540939698e+01 
       2.156634802172e-05       1.636300563848e+02 
       3.359746617550e-05       2.512056609883e+02 
       4.569286461083e-05       3.381815354858e+02 
       5.788100429579e-05       4.250399979841e+02 
       7.019096648519e-05       5.121386797604e+02 
       8.265267900484e-05       5.997805583089e+02 
       9.529715128215e-05       6.882422747560e+02 
       1.081567207829e-04       7.777884690578e+02 
       1.212653135394e-04       8.686802458482e+02 
       1.346587214733e-04       9.611808866411e+02 
       1.483748992105e-04       1.055560151974e+03 
       1.624542830311e-04       1.152097839889e+03 
       1.769401344704e-04       1.251086928871e+03 
       1.918789108372e-04       1.352836525079e+03 
       2.073206645025e-04       1.457674718200e+03 
       2.233194721553e-04       1.565951407190e+03 
       2.399338942398e-04       1.678041150355e+03 
       2.572274633681e-04       1.794346011105e+03 
       2.752691985031e-04       1.915298421451e+03 
       2.941341389682e-04       2.041363981348e+03 
       3.139038886671e-04       2.173044150399e+03 
       3.346671560951e-04       2.310878691777e+03 
       3.565202695801e-04       2.455447741937e+03 
       3.795676395597e-04       2.607373276501e+03 
       4.039221305098e-04       2.767319723347e+03 
       4.297052945257e-04       2.935993397922e+03 
       4.570474069446e-04       3.114140364001e+03 
       4.860872327009e-04       3.302542258727e+03 
       5.169714418395e-04       3.502009607017e+03 
       5.498535861151e-04       3.713372105178e+03 
       5.848925490162e-04       3.937465400203e+03 
       6.222503927208e-04       4.175114073094e+03 
       6.620895514602e-04       4.427110599616e+03 
       7.045693648326e-04       4.694190593307e+03 
       7.498420078934e-04       4.977004888864e+03 
       7.980479546357e-04       5.276089697529e+03 
       8.493111996838e-04       5.591836494751e+03 
       9.037345458380e-04       5.924463940406e+03 
       9.613953244053e-04       6.273994267354e+03 
       1.022341932446e-03       6.640236711436e+03 
       1.086591532774e-03       7.022780202946e+03 
       1.154129166285e-03       7.420996342595e+03 
       1.224908383643e-03       7.834053475286e+03 
       1.298853338983e-03       8.260892164565e+03 
       1.375862133323e-03       8.700393906121e+03 
       1.455811078400e-03       9.151286226793e+03 
       1.538559491236e-03       9.612219592273e+03 
       1.623954629342e-03       1.008180509085e+04 
       1.711836426522e-03       1.055864815440e+04 
       1.802041771423e-03       1.104137770481e+04 
       1.894408165114e-03       1.152866953135e+04 
       1.988776682994e-03       1.201926523391e+04 
       2.084994239261e-03       1.251198490767e+04 
       2.182915204197e-03       1.300573510127e+04 
       2.282402455948e-03       1.349951272094e+04 
       2.383327962540e-03       1.399240676945e+04 
       2.485572991123e-03       1.448359176135e+04 
       2.589028034377e-03       1.497233306138e+04 
       2.693592532473e-03       1.545797537946e+04 
       2.799174455640e-03       1.593993796061e+04 
       2.905689799294e-03       1.641770904318e+04 
       3.013062031655e-03       1.689084032652e+04 
       3.121221523590e-03       1.735894336355e+04 
       3.230104981944e-03       1.782167768196e+04 
       3.339654900982e-03       1.827875211680e+04 
       3.449819041395e-03       1.872991446107e+04 
       3.560549942485e-03       1.917495161241e+04 
       3.671804470317e-03       1.961368120978e+04 
       3.783543402657e-03       2.004595571331e+04 
       3.895731050109e-03       2.047164596109e+04 
       4.008334912015e-03       2.089065679311e+04 
       4.121325365094e-03       2.130290208002e+04 
       4.234675382517e-03       2.170832419738e+04 
       4.348360280985e-03       2.210683868972e+04 
       4.462357493365e-03       2.249837264954e+04 
       4.576646364524e-03       2.288310989441e+04 
       4.691207968109e-03       2.326089879249e+04 
       4.806024942177e-03       2.363172073771e+04 
       4.921081341761e-03       2.399584890306e+04 
       5.036362506580e-03       2.435306216426e+04 
       5.151854942326e-03       2.470342973820e+04 
       5.267546214059e-03       2.504690843242e+04 
       5.383424850428e-03       2.538261121332e+04 
       5.499480257555e-03       2.571251497596e+04 
       5.615702641542e-03       2.603547553961e+04 
       5.732082938682e-03       2.635211928467e+04 
       5.848612752542e-03       2.666204609428e+04 
       5.965284297194e-03       2.696561528284e+04 
       6.082090345943e-03       2.726253131849e+04 
       6.199024184961e-03       2.755319133923e+04 
       6.316079571326e-03       2.783834866730e+04 
       6.433250695003e-03       2.811647036510e+04 
       6.550532144361e-03       2.838863101533e+04 
       6.667918874853e-03       2.865441159528e+04 
       6.785406180565e-03       2.891415480066e+04 
       6.902989668311e-03       2.916810858651e+04 
       7.020665234047e-03       2.941557307164e+04 
       7.138429041359e-03       2.965738361729e+04 
       7.256277501832e-03       2.989343153516e+04 
       7.374207257112e-03       3.012342107286e+04 
       7.492215162494e-03       3.034941302052e+04 
       7.610298271906e-03       3.056843462025e+04 
       7.728453824138e-03       3.078189165359e+04 
       7.846679230222e-03       3.098991245686e+04 
       7.964972061829e-03       3.119246836465e+04 
       8.083330040626e-03       3.138977466098e+04 
       8.201751028467e-03       3.158040789067e+04 
       8.320233018374e-03       3.176699939680e+04 
       8.438774126230e-03       3.194879459506e+04 
       8.557372583104e-03       3.212662006311e+04 
       8.676026728186e-03       3.229807191173e+04 
       8.794735002249e-03       3.246472609389e+04 
       8.913495941610e-03       3.262627731190e+04 
       9.032308172546e-03       3.278312325385e+04 
       9.151170406123e-03       3.293511450831e+04 
       9.270081433407e-03       3.308249014546e+04 
       9.389040121024e-03       3.322512690559e+04 
       9.508045407050e-03       3.336323766118e+04 
       9.627096297182e-03       3.349676664884e+04 
       9.746191861201e-03       3.362463900756e+04 
       9.865331229672e-03       3.375051069474e+04 
       9.984513590885e-03       3.387071835060e+04 
       1.010373818801e-02       3.398665859638e+04 
       1.022300431645e-02       3.409842842485e+04 
       1.034231132136e-02       3.420463981123e+04 
       1.046165859539e-02       3.430944760935e+04 
       1.058104557651e-02       3.440845581264e+04 
       1.070047174606e-02       3.450382642059e+04 
       1.081993662687e-02       3.459497642252e+04 
       1.093943978152e-02       3.468239044344e+04 
       1.105898081080e-02       3.476596986883e+04 
       1.117855935213e-02       3.484535500810e+04 
       1.129817507822e-02       3.492125296090e+04 
       1.141782769576e-02       3.499336991451e+04 
       1.153751694417e-02       3.506194174800e+04 
       1.165724259456e-02       3.512674180493e+04 
       1.177700444858e-02       3.518618356869e+04 
       1.189680233751e-02       3.524530299301e+04 
       1.201663612135e-02       3.529975693763e+04 
       1.213650568794e-02       3.534894804319e+04 
       1.225641095221e-02       3.539765547928e+04 
       1.237635185546e-02       3.544089194192e+04 
       1.249632836466e-02       3.548233293550e+04 
       1.261634047186e-02       3.551998270455e+04 
       1.273638819359e-02       3.555402201401e+04 
       1.285647157034e-02       3.558405390504e+04 
       1.297659066611e-02       3.561308766283e+04 
       1.309674556790e-02       3.563616862929e+04 
       1.321693638538e-02       3.565816153299e+04 
       1.333716325043e-02       3.567741777430e+04 
       1.345742631689e-02       3.569428849478e+04 
       1.357772576022e-02       3.570642536884e+04 
       1.369806177722e-02       3.571748178048e+04 
       1.381843458581e-02       3.572451490273e+04 
       1.393884442478e-02       3.572902829532e+04 
       1.405929155368e-02       3.572899793277e+04 
       1.417977625257e-02       3.572841869727e+04 
       1.430029882196e-02       3.572453114249e+04 
       1.442085958265e-02       3.571821034235e+04 
       1.454145887568e-02       3.570932911958e+04 
       1.466209706225e-02       3.569939008830e+04 
       1.478277452369e-02       3.568385703917e+04 
       1.490349166140e-02       3.566876918781e+04 
       1.502424889692e-02       3.564854614017e+04 
       1.514504667189e-02       3.562859031245e+04 
       1.526588544812e-02       3.560400077227e+04 
       1.538676570764e-02       3.557838080509e+04 
       1.550768795279e-02       3.555058427074e+04 
       1.562865270627e-02       3.551873652744e+04 
       1.574966051132e-02       3.548581473272e+04 
       1.587071193181e-02       3.545252922400e+04 
       1.599180755240e-02       3.541438053805e+04 
       1.611294797868e-02       3.537522429578e+04 
       1.623413383739e-02       3.533371091990e+04 
       1.635536577662e-02       3.529025403228e+04 
       1.647664446596e-02       3.524452673462e+04 
       1.659797059681e-02       3.519842880273e+04 
       1.671934488260e-02       3.514776692004e+04 
       1.684076805902e-02       3.509794653450e+04 
       1.696224088434e-02       3.504391038241e+04 
       1.708376413972e-02       3.498974237826e+04 
       1.720533862946e-02       3.493316196132e+04 
       1.732696518138e-02       3.487349942143e+04 
       1.744864464715e-02       3.481421572186e+04 
       1.757037790266e-02       3.475204203515e+04 
       1.769216584837e-02       3.468823722326e+04 
       1.781400940976e-02       3.462140696576e+04 
       1.793590953766e-02       3.455578445541e+04 
       1.805786720876e-02       3.448737711855e+04 
       1.817988342602e-02       3.441552592680e+04 
       1.830195921910e-02       3.434517998293e+04 
       1.842409564493e-02       3.427050814071e+04 
       1.854629378812e-02       3.419578808998e+04 
       1.866855476152e-02       3.412092384547e+04 
       1.879087970675e-02       3.404348383760e+04 
       1.891326979478e-02       3.396397227200e+04 
       1.903572622645e-02       3.388248024809e+04 
       1.915825023312e-02       3.380079835788e+04 
       1.928084307726e-02       3.371920008656e+04 
       1.940350605309e-02       3.363496618588e+04 
       1.952624048723e-02       3.354828500034e+04 
       1.964904773941e-02       3.346095819962e+04 
       1.977192920312e-02       3.337304390075e+04 
       1.989488630640e-02       3.328462183983e+04 
       2.001792051253e-02       3.319352867036e+04 
       2.014103332084e-02       3.310227250625e+04 
       2.026422626748e-02       3.301021526591e+04 
       2.038750092626e-02       3.291560754707e+04 
       2.051085890952e-02       3.282167040128e+04 
       2.063430186896e-02       3.272593774915e+04 
       2.075783149656e-02       3.262869602568e+04 
       2.088144952555e-02       3.253110320688e+04 
       2.100515773130e-02       3.243249830224e+04 
       2.112895793240e-02       3.233316558698e+04 
       2.125285199161e-02       3.223261666358e+04 
       2.137684181694e-02       3.213122235870e+04 
       2.150092936277e-02       3.202892408304e+04 
       2.162511663091e-02       3.192583100659e+04 
       2.174940567184e-02       3.182224860297e+04 
       2.187379858583e-02       3.171711850947e+04 
       2.199829752422e-02       3.161157709944e+04 
       2.212290469070e-02       3.150533760978e+04 
       2.224762234258e-02       3.139816577863e+04 
       2.237245279219e-02       3.129068302717e+04 
       2.249739840826e-02       3.118325189826e+04 
       2.262246161738e-02       3.107331042088e+04 
       2.274764490546e-02       3.096360444586e+04 
       2.287295081933e-02       3.085341915279e+04 
       2.299838196826e-02       3.074278498915e+04 
       2.312394102566e-02       3.063127626675e+04 
       2.324963073075e-02       3.051923821184e+04 
       2.337545389032e-02       3.040674764261e+04 
       2.350141338054e-02       3.029376112815e+04 
       2.362751214884e-02       3.018012936493e+04 
       2.375375321583e-02       3.006614168452e+04 
       2.388013967732e-02       2.995175350446e+04 
       2.400667470639e-02       2.983672711115e+04 
       2.413336155548e-02       2.972135817019e+04 
       2.426020355869e-02       2.960613106750e+04 
       2.438720413397e-02       2.948945325237e+04 
       2.451436678558e-02       2.937362892415e+04 
       2.464169510648e-02       2.925616263361e+04 
       2.476919278088e-02       2.913875715622e+04 
       2.489686358687e-02       2.902138202046e+04 
       2.502471139917e-02       2.890428278710e+04 
       2.515274019189e-02       2.878537363608e+04 
       2.528095404149e-02       2.866758453186e+04 
       2.540935712979e-02       2.854890689588e+04 
       2.553795374712e-02       2.842971049104e+04 
       2.566674829555e-02       2.831082168122e+04 
       2.579574529228e-02       2.819096925147e+04 
       2.592494937312e-02       2.807164593413e+04 
       2.605436529613e-02       2.795206278451e+04 
       2.618399794540e-02       2.783170387611e+04 
       2.631385233491e-02       2.771154745533e+04 
       2.644393361266e-02       2.759123915901e+04 
       2.657424706481e-02       2.747141870247e+04 
       2.670479812012e-02       2.735074160218e+04 
       2.683559235450e-02       2.722987701279e+04 
       2.696663549569e-02       2.710958042800e+04 
       2.709793342824e-02       2.698895420416e+04 
       2.722949219861e-02       2.686814278071e+04 
       2.736131802048e-02       2.674723561689e+04 
       2.749341728033e-02       2.662637766218e+04 
       2.762579654319e-02       2.650500084351e+04 
       2.775846255865e-02       2.638419909158e+04 
       2.789142226715e-02       2.626344874076e+04 
       2.802468280648e-02       2.614202463434e+04 
       2.815825151862e-02       2.602129336421e+04 
       2.829213595682e-02       2.590024499595e+04 
       2.842634389300e-02       2.577940159879e+04 
       2.856088332551e-02       2.565856635725e+04 
       2.869576248720e-02       2.553766789473e+04 
       2.883098985382e-02       2.541703305671e+04 
       2.896657415288e-02       2.529629646978e+04 
       2.910252437280e-02       2.517582056049e+04 
       2.923884977261e-02       2.505529701063e+04 
       2.937555989197e-02       2.493494416849e+04 
       2.951266456174e-02       2.481468435429e+04 
       2.965017391502e-02       2.469461986250e+04 
       2.978809839870e-02       2.457463209811e+04 
       2.992644878560e-02       2.445492155147e+04 
       3.006523618713e-02       2.433482460528e+04 
       3.020447206668e-02       2.421540229676e+04 
       3.034416825352e-02       2.409563921863e+04 
       3.048433695754e-02       2.397638283869e+04 
       3.062499078465e-02       2.385727395544e+04 
       3.076614275293e-02       2.373849983227e+04 
       3.090780630972e-02       2.361968651321e+04 
       3.104999534950e-02       2.350094203807e+04 
       3.119272423271e-02       2.338243283847e+04 
       3.133600780565e-02       2.326422147911e+04 
       3.147986142134e-02       2.314640076106e+04 
       3.162430096158e-02       2.302872787711e+04 
       3.176934286017e-02       2.291099845029e+04 
       3.191500412743e-02       2.279351007475e+04 
       3.206130237611e-02       2.267640402656e+04 
       3.220825584872e-02       2.255953536424e+04 
       3.235588344645e-02       2.244292289455e+04 
       3.250420475974e-02       2.232642465227e+04 
       3.265324010067e-02       2.221009425100e+04 
       3.280301053718e-02       2.209391531450e+04 
       3.295353792946e-02       2.197825940386e+04 
       3.310484496843e-02       2.186274198959e+04 
       3.325695521660e-02       2.174726049241e+04 
       3.340989315152e-02       2.163219026701e+04 
       3.356368421185e-02       2.151740233735e+04 
       3.371835484646e-02       2.140286210832e+04 
       3.387393256658e-02       2.128858778450e+04 
       3.403044600142e-02       2.117456720110e+04 
       3.418792495742e-02       2.106081695046e+04 
       3.434640048143e-02       2.094728189942e+04 
       3.450590492823e-02       2.083401617225e+04 
       3.466647203260e-02       2.072092130476e+04 
       3.482813698640e-02       2.060832076341e+04 
       3.499093652112e-02       2.049571521781e+04 
       3.515490899628e-02       2.038354048776e+04 
       3.532009449420e-02       2.027150045893e+04 
       3.548653492177e-02       2.015978381896e+04 
       3.565427411971e-02       2.004831267273e+04 
       3.582335798017e-02       1.993702977012e+04 
       3.599383457322e-02       1.982611999802e+04 
       3.616575428325e-02       1.971536154640e+04 
       3.633916995605e-02       1.960496463973e+04 
       3.651413705773e-02       1.949460434119e+04 
       3.669071384648e-02       1.938490585233e+04 
       3.686896155858e-02       1.927487809293e+04 
       3.704894460990e-02       1.916559550958e+04 
       3.723073081472e-02       1.905610234695e+04 
       3.741439162332e-02       1.894690550910e+04 
       3.760000238063e-02       1.883798473270e+04 
       3.778764260795e-02       1.872935948778e+04 
       3.797739631034e-02       1.862093557311e+04 
       3.816935231248e-02       1.851267106532e+04 
       3.836360462620e-02       1.840454819765e+04 
       3.856025285329e-02       1.829664263443e+04 
       3.875940262758e-02       1.818890974095e+04 
       3.896116610116e-02       1.808145764134e+04 
       3.916566247977e-02       1.797403364720e+04 
       3.937301861357e-02       1.786680286684e+04 
       3.958336965019e-02       1.775973321964e+04 
       3.979685975785e-02       1.765262147904e+04 
       4.001364292784e-02       1.754596805300e+04 
       4.023388386670e-02       1.743918537459e+04 
       4.045775899036e-02       1.733263058591e+04 
       4.068545753416e-02       1.722607211827e+04 
       4.091718279518e-02       1.711957290296e+04 
       4.115315352591e-02       1.701325829465e+04 
       4.139360550141e-02       1.690683472065e+04 
       4.163879328619e-02       1.680048295413e+04 
       4.188899223130e-02       1.669411281158e+04 
       4.214450073810e-02       1.658818824304e+04 
       4.240564283129e-02       1.648167221320e+04 
       4.267277109246e-02       1.637498418494e+04 
       4.294627001477e-02       1.626846352255e+04 
       4.322655985164e-02       1.616210895074e+04 
       4.351410104689e-02       1.605534701518e+04 
       4.380939935214e-02       1.594839413302e+04 
       4.411301175911e-02       1.584137084254e+04 
       4.442555340291e-02       1.573365297651e+04 
       4.474770562646e-02       1.562597811400e+04 
       4.508022543960e-02       1.551795401921e+04 
       4.542395666104e-02       1.540965656314e+04 
       4.577984309952e-02       1.530145401475e+04 
       4.614894421766e-02       1.519215632143e+04 
       4.653245383185e-02       1.508186223032e+04 
       4.693172254203e-02       1.497166654380e+04 
       4.734828476375e-02       1.486057163225e+04 
       4.778389146287e-02       1.474855095305e+04 
       4.824054998274e-02       1.463575860819e+04 
       4.872057272055e-02       1.452063453334e+04 
       4.922663686821e-02       1.440557370681e+04 
       4.976185799665e-02       1.428916877185e+04 
       5.032988093209e-02       1.416997602332e+04 
       5.093499211888e-02       1.404874804828e+04 
       5.158225839170e-02       1.392500229264e+04 
       5.227769755126e-02       1.379791107414e+04 
       5.302848583258e-02       1.366678149458e+04 
       5.384320520093e-02       1.353045536228e+04 
       5.473212731918e-02       1.338754731975e+04 
       5.570751715536e-02       1.323594190191e+04 
       5.678391098886e-02       1.307367253662e+04 
       5.797827134660e-02       1.289521771831e+04 
       5.930983501792e-02       1.269679719176e+04 
       6.079935168893e-02       1.247009508766e+04 
       6.246730767058e-02       1.220715196414e+04 
       6.433079169734e-02       1.189643049797e+04 
       6.639915307829e-02       1.152695851247e+04 
       6.866967362021e-02       1.108963346657e+04 
       7.112555870750e-02       1.058189889623e+04 
       7.373820207948e-02       1.001113599765e+04 
       7.647322032950e-02       9.395744722588e+03 
       7.929722164355e-02       8.759863620484e+03 
       8.218233344320e-02       8.132321557575e+03 
       8.510767766872e-02       7.539142089500e+03 
       8.805874537534e-02       7.001221692997e+03 
       9.102594585147e-02       6.531916384321e+03 
       9.400314129022e-02       6.137145163345e+03 
       9.698648312161e-02       5.816319996462e+03 
       9.997358860729e-02       5.563262593426e+03 
       1.029629939337e-01       5.368045451222e+03 
       1.059538039904e-01       5.217733147834e+03 
       1.089454728900e-01       5.098330076552e+03 
       1.119376681863e-01       4.995409390344e+03 
       1.149301875204e-01       4.895795864677e+03 
       1.179229076907e-01       4.788216429123e+03 
       1.209157536205e-01       4.664392560538e+03 
       1.239086794805e-01       4.520274377325e+03 
       1.269016572181e-01       4.355049950491e+03 
       1.298946695889e-01       4.171063368227e+03 
       1.328877059254e-01       3.974264298189e+03 
       1.358807595678e-01       3.771559950316e+03 
       1.388738263029e-01       3.570292225282e+03 
       1.418669034158e-01       3.377653533178e+03 
       1.448599891133e-01       3.199757138281e+03 
       1.478530821724e-01       3.040569562769e+03 
       1.508461817270e-01       2.902800319470e+03 
       1.538392871360e-01       2.786869638955e+03 
       1.568323979043e-01       2.691884471728e+03 
       1.598255136323e-01       2.615384464508e+03 
       1.628186339859e-01       2.553988925305e+03 
       1.658117586770e-01       2.503662764690e+03 
       1.688048874513e-01       2.460308190638e+03 
       1.717980200805e-01       2.420303224225e+03 
       1.747911563570e-01       2.379545001557e+03 
       1.777842960901e-01       2.334467109832e+03 
       1.807774391038e-01       2.283357074130e+03 
       1.837705852347e-01       2.225175191258e+03 
       1.867637343307e-01       2.160182228736e+03 
       1.897568862497e-01       2.089529495063e+03 
       1.927500408588e-01       2.015286042825e+03 
       1.957431980334e-01       1.939629573329e+03 
       1.987363576566e-01       1.864969435656e+03 
       2.017295196184e-01       1.793153141147e+03 
       2.047226838156e-01       1.725981118853e+03 
       2.077158501507e-01       1.664613862374e+03 
       2.107090185321e-01       1.609697542155e+03 
       2.137021888730e-01       1.561637101600e+03 
       2.166953610917e-01       1.520143244643e+03 
       2.196885351111e-01       1.484637045414e+03 
       2.226817108579e-01       1.454085789170e+03 
       2.256748882629e-01       1.427348705254e+03 
       2.286680672607e-01       1.403039941815e+03 
       2.316612477892e-01       1.379807558669e+03 
       2.346544297892e-01       1.356553410903e+03 
       2.376476132050e-01       1.332392700964e+03 
       2.406407979834e-01       1.306620335283e+03 
       2.436339840737e-01       1.279074227794e+03 
       2.466271714281e-01       1.249652450131e+03 
       2.496203600006e-01       1.218610625581e+03 
       2.526135497479e-01       1.186345454630e+03 
       2.556067406283e-01       1.153593451215e+03 
       2.585999326023e-01       1.120888645447e+03 
       2.615931256321e-01       1.089079001144e+03 
       2.645863196818e-01       1.058735106556e+03 
       2.675795147168e-01       1.030358202543e+03 
       2.705727107044e-01       1.004185078098e+03 
       2.735659076130e-01       9.803527206560e+02 
       2.765591054126e-01       9.587451371608e+02 
       2.795523040745e-01       9.392294919925e+02 
       2.825455035711e-01       9.214214870237e+02 
       2.855387038760e-01       9.050408129226e+02 
       2.885319049639e-01       8.896820422366e+02 
       2.915251068105e-01       8.749810045915e+02 
       2.945183093927e-01       8.605416453028e+02 
       2.975115126881e-01       8.460642063548e+02 
       3.005047166753e-01       8.312979495525e+02 
       3.034979213338e-01       8.161348976278e+02 
       3.064911266437e-01       8.004859067818e+02 
       3.094843325860e-01       7.844234636966e+02 
       3.124775391426e-01       7.681416891383e+02 
       3.154707462959e-01       7.518080645362e+02 
       3.184639540289e-01       7.355502056555e+02 
       3.214571623253e-01       7.196450536965e+02 
       3.244503711696e-01       7.041549421328e+02 
       3.274435805466e-01       6.893133897255e+02 
       3.304367904417e-01       6.752102556561e+02 
       3.334300008411e-01       6.618853413916e+02 
       3.364232117310e-01       6.493944868374e+02 
       3.394164230986e-01       6.377011469799e+02 
       3.424096349312e-01       6.267158575773e+02 
       3.454028472167e-01       6.163130096270e+02 
       3.483960599433e-01       6.063678810679e+02 
       3.513892730998e-01       5.967465032617e+02 
       3.543824866752e-01       5.873333098099e+02 
       3.573757006589e-01       5.780488743736e+02 
       3.603689150407e-01       5.688111379111e+02 
       3.633621298108e-01       5.595976060200e+02 
       3.663553449596e-01       5.503794273075e+02 
       3.693485604778e-01       5.411209280064e+02 
       3.723417763565e-01       5.318740950088e+02 
       3.753349925870e-01       5.226548016036e+02 
       3.783282091610e-01       5.135089512271e+02 
       3.813214260703e-01       5.044985411845e+02 
       3.843146433071e-01       4.956983875491e+02 
       3.873078608637e-01       4.871480164967e+02 
       3.903010787328e-01       4.788579076372e+02 
       3.932942969072e-01       4.708436790227e+02 
       3.962875153799e-01       4.631332199651e+02 
       3.992807341442e-01       4.557044690568e+02 
       4.022739531937e-01       4.485588931851e+02 
       4.052671725219e-01       4.416978986691e+02 
       4.082603921226e-01       4.350624655627e+02 
       4.112536119900e-01       4.286272832119e+02 
       4.142468321182e-01       4.223738115396e+02 
       4.172400525016e-01       4.162705418954e+02 
       4.202332731347e-01       4.102529573515e+02 
       4.232264940122e-01       4.043122458219e+02 
       4.262197151290e-01       3.984120490291e+02 
       4.292129364799e-01       3.925747589503e+02 
       4.322061580602e-01       3.867992473058e+02 
       4.351993798650e-01       3.810591448908e+02 
       4.381926018898e-01       3.754004138098e+02 
       4.411858241301e-01       3.698032099929e+02 
       4.441790465814e-01       3.642910400186e+02 
       4.471722692396e-01       3.588700692637e+02 
       4.501654921005e-01       3.535715138422e+02 
       4.531587151601e-01       3.484176558658e+02 
       4.561519384145e-01       3.433990971779e+02 
       4.591451618597e-01       3.385270693047e+02 
       4.621383854922e-01       3.337978168581e+02 
       4.651316093082e-01       3.291990223912e+02 
       4.681248333043e-01       3.247087021726e+02 
       4.711180574770e-01       3.203303496231e+02 
       4.741112818229e-01       3.160558109720e+02 
       4.771045063388e-01       3.118631534145e+02 
       4.800977310216e-01       3.077541252460e+02 
       4.830909558679e-01       3.037138681512e+02 
       4.860841808750e-01       2.997265597707e+02 
       4.890774060397e-01       2.957863657466e+02 
       4.920706313592e-01       2.919032984184e+02 
       4.950638568307e-01       2.880573619080e+02 
       4.980570824515e-01       2.842626486433e+02 
       5.010503082188e-01       2.805219618076e+02 
       5.040435341300e-01       2.768489253238e+02 
       5.070367601827e-01       2.732434181270e+02 
       5.100299863742e-01       2.697039547983e+02 
       5.130232127021e-01       2.662315654219e+02 
       5.160164391641e-01       2.628210524903e+02 
       5.190096657579e-01       2.594788617210e+02 
       5.220028924811e-01       2.562060545890e+02 
       5.249961193315e-01       2.530025779214e+02 
       5.279893463071e-01       2.498702211264e+02 
       5.309825734056e-01       2.468026870896e+02 
       5.339758006249e-01       2.437954438061e+02 
       5.369690279631e-01       2.408403029348e+02 
       5.399622554182e-01       2.379335102331e+02 
       5.429554829882e-01       2.350747431024e+02 
       5.459487106713e-01       2.322586355417e+02 
       5.489419384655e-01       2.294878139513e+02 
       5.519351663691e-01       2.267621455706e+02 
       5.549283943803e-01       2.240770702067e+02 
       5.579216224974e-01       2.214306479472e+02 
       5.609148507186e-01       2.188196786873e+02 
       5.639080790423e-01       2.162437017032e+02 
       5.669013074669e-01       2.137039347866e+02 
       5.698945359907e-01       2.112048027607e+02 
       5.728877646123e-01       2.087480313186e+02 
       5.758809933301e-01       2.063352409289e+02 
