# Matter power spectrum P(k) at redshift z=0
# for k=9.68264e-06 to 0.582155 h/Mpc,
# number of wavenumbers equal to 561
#    1:k (h/Mpc)              2:P (Mpc/h)^3        
       9.682643854130e-06       7.211594324269e+01 
       2.173406598338e-05       1.576104306254e+02 
       3.382237587916e-05       2.417131743628e+02 
       4.597603506561e-05       3.252475229366e+02 
       5.822391588919e-05       4.086775487223e+02 
       7.059552698064e-05       4.923482712388e+02 
       8.312124504240e-05       5.765525144374e+02 
       9.583255568756e-05       6.615580578624e+02 
       1.087623060780e-04       7.476213741490e+02 
       1.219449721361e-04       8.349957770900e+02 
       1.354169431218e-04       9.239369433953e+02 
       1.492168263584e-04       1.014707076809e+03 
       1.633857748334e-04       1.107578368448e+03 
       1.779678402584e-04       1.202836067881e+03 
       1.930103539118e-04       1.300781365860e+03 
       2.085643371405e-04       1.401734193125e+03 
       2.246849427000e-04       1.506036006351e+03 
       2.414319270666e-04       1.614052582662e+03 
       2.588701523418e-04       1.726176834626e+03 
       2.770701142434e-04       1.842831623927e+03 
       2.961084897666e-04       1.964472520811e+03 
       3.160686941963e-04       2.091590453724e+03 
       3.370414320534e-04       2.224714107264e+03 
       3.591252200484e-04       2.364411938022e+03 
       3.824268520379e-04       2.511293581453e+03 
       4.070617662929e-04       2.666010397589e+03 
       4.331542642330e-04       2.829254831066e+03 
       4.608375176863e-04       3.001758159612e+03 
       4.902532896796e-04       3.184286220372e+03 
       5.215512834655e-04       3.377632586430e+03 
       5.548880284716e-04       3.582608723889e+03 
       5.904252135191e-04       3.800030632194e+03 
       6.283273910951e-04       4.030701734361e+03 
       6.687590058524e-04       4.275391789715e+03 
       7.118807490892e-04       4.534812213552e+03 
       7.578453094218e-04       4.809588429571e+03 
       8.067926746048e-04       5.100230482665e+03 
       8.588452310903e-04       5.407103727423e+03 
       9.141029911262e-04       5.730401806762e+03 
       9.726393326135e-04       6.070124437066e+03 
       1.034497645612e-03       6.426062432610e+03 
       1.099689228887e-03       6.797792039505e+03 
       1.168192670120e-03       7.184679589258e+03 
       1.239954789223e-03       7.585896735988e+03 
       1.314893053171e-03       8.000412681823e+03 
       1.392899215634e-03       8.427102352372e+03 
       1.473843824063e-03       8.864738306666e+03 
       1.557581187013e-03       9.312010513456e+03 
       1.643954406147e-03       9.767576910540e+03 
       1.732800138055e-03       1.023009475957e+04 
       1.823952840578e-03       1.069824841121e+04 
       1.917248356127e-03       1.117077062296e+04 
       2.012526773754e-03       1.164646031317e+04 
       2.109634582587e-03       1.212419345205e+04 
       2.208426178023e-03       1.260293022752e+04 
       2.308764809976e-03       1.308171805952e+04 
       2.410523073372e-03       1.355969052933e+04 
       2.513583039837e-03       1.403607134511e+04 
       2.617836120705e-03       1.451015857515e+04 
       2.723182738765e-03       1.498133438832e+04 
       2.829531872294e-03       1.544904597089e+04 
       2.936800521503e-03       1.591280968090e+04 
       3.044913135574e-03       1.637220274462e+04 
       3.153801028358e-03       1.682685275646e+04 
       3.263401802582e-03       1.727643916901e+04 
       3.373658795975e-03       1.772068360624e+04 
       3.484520557790e-03       1.815934662234e+04 
       3.595940360553e-03       1.859222394159e+04 
       3.707875749229e-03       1.901914508009e+04 
       3.820288128133e-03       1.943996325904e+04 
       3.933142384683e-03       1.985455598744e+04 
       4.046406548265e-03       2.026283175916e+04 
       4.160051482015e-03       2.066470544884e+04 
       4.274050605087e-03       2.106012107059e+04 
       4.388379642858e-03       2.144901430207e+04 
       4.503016402583e-03       2.183126947841e+04 
       4.617940572095e-03       2.220709728523e+04 
       4.733133539271e-03       2.257633387825e+04 
       4.848578230167e-03       2.293894825467e+04 
       4.964258963889e-03       2.329522176261e+04 
       5.080161322436e-03       2.364493300110e+04 
       5.196272033931e-03       2.398814094827e+04 
       5.312578867793e-03       2.432481335808e+04 
       5.429070540579e-03       2.465411713221e+04 
       5.545736631341e-03       2.497789603733e+04 
       5.662567505471e-03       2.529502044942e+04 
       5.779554246124e-03       2.560608208915e+04 
       5.896688592400e-03       2.591094037551e+04 
       6.013962883577e-03       2.620963925341e+04 
       6.131370008738e-03       2.650205414882e+04 
       6.248903361224e-03       2.678823325800e+04 
       6.366556797418e-03       2.706943688759e+04 
       6.484324599396e-03       2.734390008449e+04 
       6.602201441051e-03       2.761237930089e+04 
       6.720182357338e-03       2.787550031430e+04 
       6.838262716309e-03       2.813229400253e+04 
       6.956438193680e-03       2.838368590617e+04 
       7.074704749650e-03       2.862892869606e+04 
       7.193058607770e-03       2.886887901321e+04 
       7.311496235656e-03       2.910300883050e+04 
       7.430014327363e-03       2.933173902313e+04 
       7.548609787259e-03       2.955511479795e+04 
       7.667279715270e-03       2.977421690356e+04 
       7.786021393347e-03       2.998686757003e+04 
       7.904832273060e-03       3.019435834749e+04 
       8.023709964203e-03       3.039663644492e+04 
       8.142652224321e-03       3.059385926679e+04 
       8.261656949078e-03       3.078598136584e+04 
       8.380722163388e-03       3.097165743314e+04 
       8.499846013246e-03       3.115514523203e+04 
       8.619026758187e-03       3.133239324956e+04 
       8.738262764338e-03       3.150478190128e+04 
       8.857552497987e-03       3.167136249029e+04 
       8.976894519650e-03       3.183553274911e+04 
       9.096287478576e-03       3.199387656347e+04 
       9.215730107661e-03       3.214763366431e+04 
       9.335221218744e-03       3.229688216061e+04 
       9.454759698238e-03       3.244165605601e+04 
       9.574344503082e-03       3.258086515147e+04 
       9.693974656984e-03       3.271799630855e+04 
       9.813649246939e-03       3.284960808168e+04 
       9.933367419980e-03       3.297703888143e+04 
       1.005312838017e-02       3.309904624024e+04 
       1.017293138582e-02       3.321926422212e+04 
       1.029277574684e-02       3.333424395271e+04 
       1.041266082237e-02       3.344389550373e+04 
       1.053258601850e-02       3.355205187669e+04 
       1.065255078614e-02       3.365380697845e+04 
       1.077255461914e-02       3.375427290378e+04 
       1.089259705238e-02       3.384810156757e+04 
       1.101267766014e-02       3.394097179519e+04 
       1.113279605450e-02       3.402837910798e+04 
       1.125295188385e-02       3.411265221078e+04 
       1.137314483154e-02       3.419275495488e+04 
       1.149337461459e-02       3.426872079607e+04 
       1.161364098252e-02       3.434281157750e+04 
       1.173394371622e-02       3.441251189255e+04 
       1.185428262693e-02       3.447743056376e+04 
       1.197465755529e-02       3.454156897854e+04 
       1.209506837042e-02       3.459952384345e+04 
       1.221551496914e-02       3.465687874453e+04 
       1.233599727518e-02       3.470809521622e+04 
       1.245651523844e-02       3.475916917225e+04 
       1.257706883438e-02       3.480540326144e+04 
       1.269765806340e-02       3.484781953219e+04 
       1.281828295026e-02       3.488777082631e+04 
       1.293894354358e-02       3.492571542095e+04 
       1.305963991537e-02       3.495838545415e+04 
       1.318037216056e-02       3.499083722138e+04 
       1.330114039666e-02       3.501798189442e+04 
       1.342194476336e-02       3.504242348784e+04 
       1.354278542222e-02       3.506577916587e+04 
       1.366366255637e-02       3.508355454018e+04 
       1.378457637024e-02       3.510204002663e+04 
       1.390552708936e-02       3.511446648328e+04 
       1.402651496011e-02       3.512567845845e+04 
       1.414754024957e-02       3.513474129974e+04 
       1.426860324536e-02       3.514051570003e+04 
       1.438970425553e-02       3.514450378837e+04 
       1.451084360844e-02       3.514537975283e+04 
       1.463202165268e-02       3.514329298958e+04 
       1.475323875702e-02       3.513895486273e+04 
       1.487449531039e-02       3.513117098791e+04 
       1.499579172183e-02       3.512312830193e+04 
       1.511712842054e-02       3.510995506175e+04 
       1.523850585586e-02       3.509752901607e+04 
       1.535992449736e-02       3.507976263746e+04 
       1.548138483488e-02       3.506272298901e+04 
       1.560288737862e-02       3.504168394608e+04 
       1.572443265923e-02       3.501737077639e+04 
       1.584602122796e-02       3.499220595947e+04 
       1.596765365674e-02       3.496477353907e+04 
       1.608933053841e-02       3.493676642092e+04 
       1.621105248682e-02       3.490426886487e+04 
       1.633282013705e-02       3.487023802803e+04 
       1.645463414562e-02       3.483612712542e+04 
       1.657649519070e-02       3.479726008516e+04 
       1.669840397233e-02       3.475904741744e+04 
       1.682036121272e-02       3.471760432881e+04 
       1.694236765647e-02       3.467292227647e+04 
       1.706442407086e-02       3.462775421579e+04 
       1.718653124621e-02       3.458244797326e+04 
       1.730868999612e-02       3.453202058297e+04 
       1.743090115784e-02       3.448317020424e+04 
       1.755316559263e-02       3.442982457689e+04 
       1.767548418612e-02       3.437577686513e+04 
       1.779785784869e-02       3.431963968213e+04 
       1.792028751586e-02       3.426377171715e+04 
       1.804277414873e-02       3.420347993211e+04 
       1.816531873441e-02       3.414297407691e+04 
       1.828792228644e-02       3.408092968972e+04 
       1.841058584531e-02       3.401744358135e+04 
       1.853331047892e-02       3.395243681854e+04 
       1.865609728310e-02       3.388744907694e+04 
       1.877894738210e-02       3.381796627349e+04 
       1.890186192918e-02       3.374862754115e+04 
       1.902484210715e-02       3.367787184106e+04 
       1.914788912895e-02       3.360619694542e+04 
       1.927100423825e-02       3.353217921376e+04 
       1.939418871010e-02       3.345826060173e+04 
       1.951744385154e-02       3.338198375857e+04 
       1.964077100227e-02       3.330435988305e+04 
       1.976417153538e-02       3.322601383020e+04 
       1.988764685799e-02       3.314586380542e+04 
       2.001119841206e-02       3.306515417534e+04 
       2.013482767507e-02       3.298274021571e+04 
       2.025853616087e-02       3.290059699610e+04 
       2.038232542043e-02       3.281592534809e+04 
       2.050619704273e-02       3.273077150318e+04 
       2.063015265555e-02       3.264476707537e+04 
       2.075419392642e-02       3.255611763939e+04 
       2.087832256350e-02       3.246804541508e+04 
       2.100254031651e-02       3.237810127035e+04 
       2.112684897777e-02       3.228812542987e+04 
       2.125125038309e-02       3.219683460350e+04 
       2.137574641293e-02       3.210415677399e+04 
       2.150033899337e-02       3.201088676539e+04 
       2.162503009726e-02       3.191623909101e+04 
       2.174982174536e-02       3.182173757675e+04 
       2.187471600748e-02       3.172589502682e+04 
       2.199971500371e-02       3.162878477358e+04 
       2.212482090567e-02       3.153175808945e+04 
       2.225003593780e-02       3.143358285957e+04 
       2.237536237867e-02       3.133541493221e+04 
       2.250080256237e-02       3.123498435369e+04 
       2.262635887991e-02       3.113449460442e+04 
       2.275203378072e-02       3.103346317657e+04 
       2.287782977410e-02       3.093189231932e+04 
       2.300374943081e-02       3.082935153620e+04 
       2.312979538469e-02       3.072642255855e+04 
       2.325597033430e-02       3.062291083030e+04 
       2.338227704464e-02       3.051874686633e+04 
       2.350871834893e-02       3.041404761634e+04 
       2.363529715045e-02       3.030876676434e+04 
       2.376201642440e-02       3.020293366638e+04 
       2.388887921990e-02       3.009655277981e+04 
       2.401588866197e-02       2.998972721194e+04 
       2.414304795366e-02       2.988244835947e+04 
       2.427036037818e-02       2.977464737013e+04 
       2.439782930116e-02       2.966644485996e+04 
       2.452545817297e-02       2.955796353448e+04 
       2.465325053108e-02       2.944874131057e+04 
       2.478121000257e-02       2.933992110771e+04 
       2.490934030669e-02       2.922960127349e+04 
       2.503764525749e-02       2.911977671445e+04 
       2.516612876664e-02       2.900942506087e+04 
       2.529479484618e-02       2.889857827006e+04 
       2.542364761155e-02       2.878734456591e+04 
       2.555269128464e-02       2.867565208098e+04 
       2.568193019691e-02       2.856382848780e+04 
       2.581136879276e-02       2.845155133986e+04 
       2.594101163286e-02       2.833976954373e+04 
       2.607086339774e-02       2.822713559077e+04 
       2.620092889144e-02       2.811427725196e+04 
       2.633121304534e-02       2.800109880446e+04 
       2.646172092207e-02       2.788813857356e+04 
       2.659245771968e-02       2.777459817510e+04 
       2.672342877585e-02       2.766095601027e+04 
       2.685463957237e-02       2.754717952744e+04 
       2.698609573972e-02       2.743349820892e+04 
       2.711780306186e-02       2.731960405818e+04 
       2.724976748121e-02       2.720536850999e+04 
       2.738199510387e-02       2.709100463629e+04 
       2.751449220497e-02       2.697679592939e+04 
       2.764726523428e-02       2.686224068349e+04 
       2.778032082210e-02       2.674771669853e+04 
       2.791366578532e-02       2.663314436889e+04 
       2.804730713375e-02       2.651818125399e+04 
       2.818125207676e-02       2.640385408035e+04 
       2.831550803015e-02       2.628877695374e+04 
       2.845008262338e-02       2.617402369467e+04 
       2.858498370703e-02       2.605955337995e+04 
       2.872021936065e-02       2.594443413957e+04 
       2.885579790093e-02       2.582964483666e+04 
       2.899172789027e-02       2.571489725917e+04 
       2.912801814567e-02       2.560014905013e+04 
       2.926467774807e-02       2.548541056476e+04 
       2.940171605214e-02       2.537070593300e+04 
       2.953914269644e-02       2.525602653307e+04 
       2.967696761412e-02       2.514153961034e+04 
       2.981520104416e-02       2.502695152386e+04 
       2.995385354300e-02       2.491281264667e+04 
       3.009293599688e-02       2.479814354412e+04 
       3.023245963473e-02       2.468411161019e+04 
       3.037243604161e-02       2.456969820052e+04 
       3.051287717296e-02       2.445570525974e+04 
       3.065379536941e-02       2.434174141495e+04 
       3.079520337247e-02       2.422770121813e+04 
       3.093711434090e-02       2.411383928399e+04 
       3.107954186805e-02       2.400052759476e+04 
       3.122249999992e-02       2.388683133352e+04 
       3.136600325439e-02       2.377333150468e+04 
       3.151006664128e-02       2.366016405228e+04 
       3.165470568357e-02       2.354700402624e+04 
       3.179993643978e-02       2.343421502733e+04 
       3.194577552754e-02       2.332125567216e+04 
       3.209224014848e-02       2.320887830333e+04 
       3.223934811449e-02       2.309602775928e+04 
       3.238711787551e-02       2.298390126564e+04 
       3.253556854887e-02       2.287153490076e+04 
       3.268471995035e-02       2.275957145520e+04 
       3.283459262701e-02       2.264775319398e+04 
       3.298520789204e-02       2.253641556879e+04 
       3.313658786165e-02       2.242487846855e+04 
       3.328875549419e-02       2.231352500555e+04 
       3.344173463165e-02       2.220237387398e+04 
       3.359555004383e-02       2.209164353492e+04 
       3.375022747515e-02       2.198071297007e+04 
       3.390579369454e-02       2.187018812741e+04 
       3.406227654847e-02       2.175983462836e+04 
       3.421970501753e-02       2.164982572474e+04 
       3.437810927660e-02       2.153984321608e+04 
       3.453752075919e-02       2.143011296216e+04 
       3.469797222606e-02       2.132055648601e+04 
       3.485949783856e-02       2.121122380740e+04 
       3.502213323707e-02       2.110206995477e+04 
       3.518591562500e-02       2.099302486961e+04 
       3.535088385873e-02       2.088428695241e+04 
       3.551707854415e-02       2.077572582137e+04 
       3.568454214025e-02       2.066725079314e+04 
       3.585331907040e-02       2.055913761453e+04 
       3.602345584210e-02       2.045139714740e+04 
       3.619500117591e-02       2.034351821717e+04 
       3.636800614436e-02       2.023593336037e+04 
       3.654252432195e-02       2.012814770516e+04 
       3.671861194705e-02       2.002087462427e+04 
       3.689632809713e-02       1.991378533690e+04 
       3.707573487838e-02       1.980682000832e+04 
       3.725689763133e-02       1.969998042584e+04 
       3.743988515406e-02       1.959361628648e+04 
       3.762476994474e-02       1.948676655058e+04 
       3.781162846562e-02       1.938045982298e+04 
       3.800054143075e-02       1.927426445175e+04 
       3.819159411988e-02       1.916816517744e+04 
       3.838487672166e-02       1.906219700809e+04 
       3.858048470923e-02       1.895670060703e+04 
       3.877851925194e-02       1.885054221569e+04 
       3.897908766750e-02       1.874496918532e+04 
       3.918230391924e-02       1.863933549863e+04 
       3.938828916403e-02       1.853391319237e+04 
       3.959717235692e-02       1.842860875296e+04 
       3.980909091981e-02       1.832357545541e+04 
       4.002419148219e-02       1.821831746734e+04 
       4.024263070339e-02       1.811260900616e+04 
       4.046457618718e-02       1.800743348516e+04 
       4.069020750120e-02       1.790218129507e+04 
       4.091971731579e-02       1.779696188902e+04 
       4.115331267911e-02       1.769161534515e+04 
       4.139121644813e-02       1.758625696716e+04 
       4.163366889864e-02       1.748134338384e+04 
       4.188092954123e-02       1.737591472450e+04 
       4.213327917502e-02       1.727004720476e+04 
       4.239102221665e-02       1.716459528826e+04 
       4.265448934918e-02       1.705841627280e+04 
       4.292404054357e-02       1.695277355996e+04 
       4.320006851614e-02       1.684612008829e+04 
       4.348300269754e-02       1.673961821729e+04 
       4.377331380432e-02       1.663282950602e+04 
       4.407151912310e-02       1.652591977061e+04 
       4.437818864065e-02       1.641830629654e+04 
       4.469395218227e-02       1.631049748354e+04 
       4.501950775716e-02       1.620207536220e+04 
       4.535563135477e-02       1.609374110520e+04 
       4.570318849305e-02       1.598393845004e+04 
       4.606314789187e-02       1.587393507490e+04 
       4.643659773545e-02       1.576307945250e+04 
       4.682476510410e-02       1.565213607330e+04 
       4.722903930236e-02       1.553934887348e+04 
       4.765099999905e-02       1.542603054961e+04 
       4.809245133396e-02       1.531120655143e+04 
       4.855546345028e-02       1.519532414959e+04 
       4.904242329646e-02       1.507672732112e+04 
       4.955609702107e-02       1.495784567268e+04 
       5.009970687081e-02       1.483695811727e+04 
       5.067702619254e-02       1.471302356718e+04 
       5.129249689691e-02       1.458627624830e+04 
       5.195137444816e-02       1.445631010898e+04 
       5.265990582478e-02       1.432229446735e+04 
       5.342554534551e-02       1.418330922592e+04 
       5.425721055154e-02       1.403823607780e+04 
       5.516557311407e-02       1.388494194354e+04 
       5.616336369612e-02       1.372147773848e+04 
       5.726563765987e-02       1.354506069668e+04 
       5.848989028461e-02       1.335231871175e+04 
       5.985581640321e-02       1.313544911801e+04 
       6.138438722315e-02       1.288975307244e+04 
       6.309582919920e-02       1.260373255541e+04 
       6.500621141698e-02       1.226797525006e+04 
       6.712295297931e-02       1.187216499180e+04 
       6.944071581318e-02       1.140971349761e+04 
       7.194009034305e-02       1.087943062444e+04 
       7.459071473084e-02       1.029149930841e+04 
       7.735775023635e-02       9.664931114114e+03 
       8.020843619509e-02       9.025643156627e+03 
       8.311605464913e-02       8.400645369561e+03 
       8.606091630811e-02       7.814326858985e+03 
       8.902948850431e-02       7.285341032844e+03 
       9.201289014147e-02       6.825157937325e+03 
       9.500546358004e-02       6.438237205247e+03 
       9.800367148458e-02       6.122492855922e+03 
       1.010053276700e-01       5.871267539832e+03 
       1.040090905089e-01       5.674144001748e+03 
       1.070141401255e-01       5.517925515190e+03 
       1.100199766914e-01       5.389159366192e+03 
       1.130262958612e-01       5.273580156703e+03 
       1.160329123867e-01       5.159126957891e+03 
       1.190397134736e-01       5.035533777080e+03 
       1.220466303724e-01       4.895803732497e+03 
       1.250536211011e-01       4.736566821199e+03 
       1.280606599467e-01       4.558068084231e+03 
       1.310677310894e-01       4.363668214419e+03 
       1.340748247305e-01       4.158986382022e+03 
       1.370819347410e-01       3.950990399293e+03 
       1.400890572333e-01       3.746878393897e+03 
       1.430961896932e-01       3.553214145721e+03 
       1.461033304522e-01       3.375361572781e+03 
       1.491104783656e-01       3.216996075177e+03 
       1.521176326170e-01       3.079943660330e+03 
       1.551247925981e-01       2.964358398313e+03 
       1.581319578351e-01       2.869029155058e+03 
       1.611391279435e-01       2.791003575088e+03 
       1.641463026002e-01       2.726916613082e+03 
       1.671534815249e-01       2.672754209127e+03 
       1.701606644697e-01       2.624354167029e+03 
       1.731678512115e-01       2.578569872748e+03 
       1.761750415469e-01       2.531148526280e+03 
       1.791822352889e-01       2.479415819854e+03 
       1.821894322649e-01       2.421593214615e+03 
       1.851966323144e-01       2.357168933338e+03 
       1.882038352880e-01       2.286622442623e+03 
       1.912110410459e-01       2.211406345808e+03 
       1.942182494575e-01       2.133441091755e+03 
       1.972254604003e-01       2.055003093507e+03 
       2.002326737592e-01       1.978301642530e+03 
       2.032398894261e-01       1.905177172315e+03 
       2.062471072993e-01       1.837115746157e+03 
       2.092543272829e-01       1.775132839002e+03 
       2.122615492867e-01       1.719617087878e+03 
       2.152687732253e-01       1.670828983979e+03 
       2.182759990182e-01       1.628419577647e+03 
       2.212832265893e-01       1.591542557002e+03 
       2.242904558667e-01       1.559325545427e+03 
       2.272976867821e-01       1.530504519891e+03 
       2.303049192709e-01       1.503801453674e+03 
       2.333121532720e-01       1.477806734256e+03 
       2.363193887272e-01       1.451592395369e+03 
       2.393266255814e-01       1.424426834894e+03 
       2.423338637822e-01       1.395655564466e+03 
       2.453411032797e-01       1.365322495237e+03 
       2.483483440266e-01       1.333262774147e+03 
       2.513555859778e-01       1.299911379954e+03 
       2.543628290902e-01       1.265691732866e+03 
       2.573700733230e-01       1.231267098281e+03 
       2.603773186371e-01       1.197296749689e+03 
       2.633845649953e-01       1.164402358902e+03 
       2.663918123619e-01       1.133114964081e+03 
       2.693990607032e-01       1.103922453051e+03 
       2.724063099865e-01       1.077037205731e+03 
       2.754135601809e-01       1.052405978401e+03 
       2.784208112566e-01       1.029999526453e+03 
       2.814280631854e-01       1.009547628460e+03 
       2.844353159399e-01       9.907112096311e+02 
       2.874425694942e-01       9.731399341515e+02 
       2.904498238232e-01       9.565225704282e+02 
       2.934570789030e-01       9.403681733827e+02 
       2.964643347107e-01       9.244684768535e+02 
       2.994715912243e-01       9.085170541799e+02 
       3.024788484225e-01       8.922680204307e+02 
       3.054861062850e-01       8.756516817497e+02 
       3.084933647924e-01       8.586554614673e+02 
       3.115006239258e-01       8.413965156213e+02 
       3.145078836672e-01       8.239872112747e+02 
       3.175151439993e-01       8.066092643241e+02 
       3.205224049054e-01       7.894538641001e+02 
       3.235296663694e-01       7.727252503942e+02 
       3.265369283757e-01       7.565491057296e+02 
       3.295441909095e-01       7.410488788170e+02 
       3.325514539564e-01       7.263035820153e+02 
       3.355587175026e-01       7.123697842217e+02 
       3.385659815346e-01       6.992449250864e+02 
       3.415732460396e-01       6.868909135809e+02 
       3.445805110052e-01       6.752179441014e+02 
       3.475877764194e-01       6.640910691107e+02 
       3.505950422705e-01       6.533886851603e+02 
       3.536023085474e-01       6.429740330983e+02 
       3.566095752392e-01       6.327521654133e+02 
       3.596168423355e-01       6.226444826286e+02 
       3.626241098262e-01       6.125984345350e+02 
       3.656313777015e-01       6.025806755971e+02 
       3.686386459520e-01       5.925979941764e+02 
       3.716459145685e-01       5.826164998785e+02 
       3.746531835422e-01       5.726679998287e+02 
       3.776604528645e-01       5.627866275713e+02 
       3.806677225271e-01       5.530424219456e+02 
       3.836749925220e-01       5.434736066408e+02 
       3.866822628414e-01       5.341325925684e+02 
       3.896895334777e-01       5.250689502857e+02 
       3.926968044237e-01       5.163038419183e+02 
       3.957040756722e-01       5.078360862943e+02 
       3.987113472165e-01       4.996656150067e+02 
       4.017186190497e-01       4.917802731940e+02 
       4.047258911655e-01       4.841665616309e+02 
       4.077331635576e-01       4.768090096514e+02 
       4.107404362199e-01       4.696865005321e+02 
       4.137477091465e-01       4.627662623010e+02 
       4.167549823316e-01       4.560322084054e+02 
       4.197622557697e-01       4.494182440791e+02 
       4.227695294553e-01       4.428983255214e+02 
       4.257768033831e-01       4.364650381466e+02 
       4.287840775482e-01       4.300977639382e+02 
       4.317913519454e-01       4.237943331053e+02 
       4.347986265700e-01       4.175593700567e+02 
       4.378059014173e-01       4.113993772891e+02 
       4.408131764826e-01       4.053337415064e+02 
       4.438204517616e-01       3.993420718301e+02 
       4.468277272499e-01       3.934482608720e+02 
       4.498350029432e-01       3.876772700849e+02 
       4.528422788376e-01       3.820247011289e+02 
       4.558495549290e-01       3.765074658060e+02 
       4.588568312135e-01       3.711407000100e+02 
       4.618641076873e-01       3.659320491705e+02 
       4.648713843468e-01       3.608697688625e+02 
       4.678786611883e-01       3.559467847635e+02 
       4.708859382084e-01       3.511378727251e+02 
       4.738932154036e-01       3.464344686650e+02 
       4.769004927707e-01       3.418298138517e+02 
       4.799077703063e-01       3.373088223330e+02 
       4.829150480074e-01       3.328682459487e+02 
       4.859223258708e-01       3.285006470460e+02 
       4.889296038936e-01       3.241972934108e+02 
       4.919368820727e-01       3.199512419115e+02 
       4.949441604054e-01       3.157573964185e+02 
       4.979514388889e-01       3.116073264601e+02 
       5.009587175204e-01       3.075239681640e+02 
       5.039659962973e-01       3.035053266778e+02 
       5.069732752170e-01       2.995666264133e+02 
       5.099805542769e-01       2.956936813117e+02 
       5.129878334745e-01       2.918955189138e+02 
       5.159951128076e-01       2.881700656226e+02 
       5.190023922736e-01       2.845153937209e+02 
       5.220096718704e-01       2.809302465670e+02 
       5.250169515955e-01       2.774155620503e+02 
       5.280242314470e-01       2.739719866181e+02 
       5.310315114225e-01       2.705999084362e+02 
       5.340387915200e-01       2.672961074211e+02 
       5.370460717374e-01       2.640552346740e+02 
       5.400533520727e-01       2.608707559410e+02 
       5.430606325241e-01       2.577373099085e+02 
       5.460679130894e-01       2.546514542625e+02 
       5.490751937669e-01       2.516122945658e+02 
       5.520824745548e-01       2.486205570225e+02 
       5.550897554511e-01       2.456764423039e+02 
       5.580970364542e-01       2.427784704939e+02 
       5.611043175624e-01       2.399244375360e+02 
       5.641115987739e-01       2.371111889587e+02 
       5.671188800872e-01       2.343374546417e+02 
       5.701261615005e-01       2.316035146732e+02 
       5.731334430123e-01       2.289115736823e+02 
       5.761407246212e-01       2.262647344276e+02 
       5.791480063254e-01       2.236647565860e+02 
       5.821552881237e-01       2.211114763574e+02 
