# Matter power spectrum P(k) at redshift z=0
# for k=9.57145e-06 to 0.577206 h/Mpc,
# number of wavenumbers equal to 561
#    1:k (h/Mpc)              2:P (Mpc/h)^3        
       9.571449292006e-06       7.459538316676e+01 
       2.153746895314e-05       1.634181078882e+02 
       3.353950054062e-05       2.507864900562e+02 
       4.560540230718e-05       3.375555302134e+02 
       5.776342823648e-05       4.242051088253e+02 
       7.004244557024e-05       5.110909294002e+02 
       8.247215834682e-05       5.985141737694e+02 
       9.508333954558e-05       6.867497363482e+02 
       1.079080744526e-04       7.760604816803e+02 
       1.209800178885e-04       8.667056611082e+02 
       1.343346679578e-04       9.589465997519e+02 
       1.480096589716e-04       1.053050958906e+03 
       1.620450761485e-04       1.149296275433e+03 
       1.764837945687e-04       1.247973057644e+03 
       1.913718446224e-04       1.349387719021e+03 
       2.067588057869e-04       1.453865394845e+03 
       2.226982299339e-04       1.561752730940e+03 
       2.392480944148e-04       1.673420706681e+03 
       2.564712837943e-04       1.789267445936e+03 
       2.744360971624e-04       1.909721045027e+03 
       2.932167752971e-04       2.035242345024e+03 
       3.128940383891e-04       2.166327600074e+03 
       3.335556203700e-04       2.303510905845e+03 
       3.552967799254e-04       2.447366264687e+03 
       3.782207608488e-04       2.598509077842e+03 
       4.024391654455e-04       2.757596798987e+03 
       4.280721943407e-04       2.925328443895e+03 
       4.552486946829e-04       3.102442589229e+03 
       4.841059472173e-04       3.289713373246e+03 
       5.147891124931e-04       3.487944046171e+03 
       5.474502497805e-04       3.697957593826e+03 
       5.822468221424e-04       3.920583900358e+03 
       6.193396112564e-04       4.156643184903e+03 
       6.588899899762e-04       4.406925504992e+03 
       7.010565425655e-04       4.672166524827e+03 
       7.459910833438e-04       4.953020108782e+03 
       7.938342018064e-04       5.250028987566e+03 
       8.447105486542e-04       5.563594834543e+03 
       8.987241595093e-04       5.893950302169e+03 
       9.559541738802e-04       6.241135247633e+03 
       1.016451327896e-03       6.604979601642e+03 
       1.080235566679e-03       6.985095229387e+03 
       1.147295032481e-03       7.380878029418e+03 
       1.217586548027e-03       7.791520704290e+03 
       1.291037553900e-03       8.216010571328e+03 
       1.367549304454e-03       8.653208123547e+03 
       1.447001007320e-03       9.101879897904e+03 
       1.529254526318e-03       9.560691543656e+03 
       1.614159261505e-03       1.002826680191e+04 
       1.701556864783e-03       1.050322016305e+04 
       1.791285527817e-03       1.098418633823e+04 
       1.883183671017e-03       1.146984428645e+04 
       1.977092950936e-03       1.195893628522e+04 
       2.072860577144e-03       1.245028085963e+04 
       2.170340983134e-03       1.294278169450e+04 
       2.269396928909e-03       1.343543190577e+04 
       2.369900128522e-03       1.392731443709e+04 
       2.471731498347e-03       1.441760187646e+04 
       2.574781115768e-03       1.490555089256e+04 
       2.678947966961e-03       1.539049999662e+04 
       2.784139549538e-03       1.587186418901e+04 
       2.890271382790e-03       1.634912613945e+04 
       2.997266466349e-03       1.682183282330e+04 
       3.105054717765e-03       1.728958951351e+04 
       3.213572410998e-03       1.775205238131e+04 
       3.322761631025e-03       1.820892463376e+04 
       3.432569754536e-03       1.865995107220e+04 
       3.542948962695e-03       1.910491484224e+04 
       3.653855789110e-03       1.954363057771e+04 
       3.765250704030e-03       1.997594747872e+04 
       3.877097734399e-03       2.040173133980e+04 
       3.989364118445e-03       2.082088688568e+04 
       4.102019992897e-03       2.123332424687e+04 
       4.215038110584e-03       2.163898492815e+04 
       4.328393586047e-03       2.203781092154e+04 
       4.442063666752e-03       2.242963085254e+04 
       4.556027527554e-03       2.281474964291e+04 
       4.670266086187e-03       2.319293602437e+04 
       4.784761837697e-03       2.356417610724e+04 
       4.899498705883e-03       2.392876393090e+04 
       5.014461909979e-03       2.428648806078e+04 
       5.129637844989e-03       2.463738512673e+04 
       5.245013974218e-03       2.498144356461e+04 
       5.360578732700e-03       2.531775521362e+04 
       5.476321440360e-03       2.564829274884e+04 
       5.592232223864e-03       2.597190226330e+04 
       5.708301946231e-03       2.628914803711e+04 
       5.824522143380e-03       2.659987161064e+04 
       5.940884966866e-03       2.690417732876e+04 
       6.057383132161e-03       2.720189482461e+04 
       6.174009871884e-03       2.749329908693e+04 
       6.290758893479e-03       2.777916820239e+04 
       6.407624340853e-03       2.805812406250e+04 
       6.524600759597e-03       2.833089934198e+04 
       6.641683065393e-03       2.859791584611e+04 
       6.758866515307e-03       2.885845163039e+04 
       6.876146681666e-03       2.911332708457e+04 
       6.993519428259e-03       2.936170976454e+04 
       7.110980888641e-03       2.960470142061e+04 
       7.228527446332e-03       2.984160866501e+04 
       7.346155716716e-03       3.007280829691e+04 
       7.463862530498e-03       3.029961790051e+04 
       7.581644918549e-03       3.051973162889e+04 
       7.699500098023e-03       3.073422724039e+04 
       7.817425459623e-03       3.094336329938e+04 
       7.935418555906e-03       3.114706793879e+04 
       8.053477090537e-03       3.134546824060e+04 
       8.171598908410e-03       3.153868481214e+04 
       8.289781986548e-03       3.172512094237e+04 
       8.408024425719e-03       3.190932532775e+04 
       8.526324442709e-03       3.208698788652e+04 
       8.644680363184e-03       3.225966768489e+04 
       8.763090615108e-03       3.242753641756e+04 
       8.881553722649e-03       3.259051179400e+04 
       9.000068300548e-03       3.274726512173e+04 
       9.118633048907e-03       3.290181252603e+04 
       9.237246748358e-03       3.305061143117e+04 
       9.355908255592e-03       3.319331338308e+04 
       9.474616499203e-03       3.333394498641e+04 
       9.593370475843e-03       3.346880271887e+04 
       9.712169246643e-03       3.359921735215e+04 
       9.831011933893e-03       3.372525119876e+04 
       9.949897717956e-03       3.384555095095e+04 
       1.006882583440e-02       3.396436850963e+04 
       1.018779557131e-02       3.407744813125e+04 
       1.030680626685e-02       3.418520184221e+04 
       1.042585730690e-02       3.429131048043e+04 
       1.054494812292e-02       3.439203114584e+04 
       1.066407818997e-02       3.448898440341e+04 
       1.078324702480e-02       3.458154306383e+04 
       1.090245418414e-02       3.467062874720e+04 
       1.102169926308e-02       3.475560998198e+04 
       1.114098189354e-02       3.483666960146e+04 
       1.126030174287e-02       3.491387768275e+04 
       1.137965851257e-02       3.498772982652e+04 
       1.149905193700e-02       3.505793027526e+04 
       1.161848178232e-02       3.512416959741e+04 
       1.173794784539e-02       3.518719787800e+04 
       1.185744995278e-02       3.524502616805e+04 
       1.197698795988e-02       3.530237134410e+04 
       1.209656175004e-02       3.535340047099e+04 
       1.221617123378e-02       3.540371160298e+04 
       1.233581634804e-02       3.544940756302e+04 
       1.245549705554e-02       3.549191319361e+04 
       1.257521334414e-02       3.552957283077e+04 
       1.269496522622e-02       3.556692105283e+04 
       1.281475273821e-02       3.559979985845e+04 
       1.293457594006e-02       3.562950410042e+04 
       1.305443491480e-02       3.565612670934e+04 
       1.317432976814e-02       3.567875303833e+04 
       1.329426062806e-02       3.570030993133e+04 
       1.341422764452e-02       3.571598033691e+04 
       1.353423098912e-02       3.573075220455e+04 
       1.365427085482e-02       3.574449281720e+04 
       1.377434745572e-02       3.575173734209e+04 
       1.389446102683e-02       3.576005386703e+04 
       1.401461182387e-02       3.576374313206e+04 
       1.413480012314e-02       3.576333463971e+04 
       1.425502622135e-02       3.576099779501e+04 
       1.437529043551e-02       3.575659882895e+04 
       1.449559310287e-02       3.574959461532e+04 
       1.461593458083e-02       3.574009196634e+04 
       1.473631524689e-02       3.572802021094e+04 
       1.485673549864e-02       3.571377648374e+04 
       1.497719575377e-02       3.569813049827e+04 
       1.509769645005e-02       3.567717264278e+04 
       1.521823804540e-02       3.565704222078e+04 
       1.533882101794e-02       3.563144232361e+04 
       1.545944586603e-02       3.560666847044e+04 
       1.558011310844e-02       3.557652802354e+04 
       1.570082328436e-02       3.554565656257e+04 
       1.582157695362e-02       3.551428370658e+04 
       1.594237469677e-02       3.547895897143e+04 
       1.606321711529e-02       3.544038525709e+04 
       1.618410483172e-02       3.540164978693e+04 
       1.630503848989e-02       3.535965803943e+04 
       1.642601875515e-02       3.531628820818e+04 
       1.654704631453e-02       3.527233255154e+04 
       1.666812187706e-02       3.522493231045e+04 
       1.678924617399e-02       3.517452628397e+04 
       1.691041995906e-02       3.512376388299e+04 
       1.703164400882e-02       3.507181637560e+04 
       1.715291912294e-02       3.501610948912e+04 
       1.727424612450e-02       3.496000087644e+04 
       1.739562586037e-02       3.490241825575e+04 
       1.751705920156e-02       3.484076020637e+04 
       1.763854704358e-02       3.477908461946e+04 
       1.776009030683e-02       3.471574647745e+04 
       1.788168993705e-02       3.465234487750e+04 
       1.800334690568e-02       3.458398282621e+04 
       1.812506221039e-02       3.451754400005e+04 
       1.824683687543e-02       3.444665378014e+04 
       1.836867195221e-02       3.437561704505e+04 
       1.849056851973e-02       3.430385752729e+04 
       1.861252768515e-02       3.422929272859e+04 
       1.873455058425e-02       3.415280580094e+04 
       1.885663838207e-02       3.407632483963e+04 
       1.897879227340e-02       3.399878923550e+04 
       1.910101348344e-02       3.391944919641e+04 
       1.922330326835e-02       3.383797635515e+04 
       1.934566291594e-02       3.375499923028e+04 
       1.946809374629e-02       3.367220254658e+04 
       1.959059711243e-02       3.358781172196e+04 
       1.971317440105e-02       3.350071049251e+04 
       1.983582703321e-02       3.341315725073e+04 
       1.995855646508e-02       3.332624034774e+04 
       2.008136418873e-02       3.323619197256e+04 
       2.020425173289e-02       3.314541231075e+04 
       2.032722066381e-02       3.305413088073e+04 
       2.045027258607e-02       3.296180816107e+04 
       2.057340914346e-02       3.286776685271e+04 
       2.069663201988e-02       3.277258655173e+04 
       2.081994294029e-02       3.267776923556e+04 
       2.094334367162e-02       3.258116820578e+04 
       2.106683602380e-02       3.248257942758e+04 
       2.119042185077e-02       3.238455366751e+04 
       2.131410305150e-02       3.228459089870e+04 
       2.143788157111e-02       3.218517909105e+04 
       2.156175940197e-02       3.208384870459e+04 
       2.168573858486e-02       3.198151743689e+04 
       2.180982121017e-02       3.187869095859e+04 
       2.193400941909e-02       3.177524763309e+04 
       2.205830540493e-02       3.167138411177e+04 
       2.218271141438e-02       3.156609232600e+04 
       2.230722974889e-02       3.146046838606e+04 
       2.243186276606e-02       3.135407512768e+04 
       2.255661288105e-02       3.124714162790e+04 
       2.268148256811e-02       3.113959636348e+04 
       2.280647436207e-02       3.103130535498e+04 
       2.293159085995e-02       3.092234710692e+04 
       2.305683472259e-02       3.081292149169e+04 
       2.318220867631e-02       3.070285574850e+04 
       2.330771551471e-02       3.059231796519e+04 
       2.343335810041e-02       3.048116994683e+04 
       2.355913936697e-02       3.036955432694e+04 
       2.368506232077e-02       3.025743014346e+04 
       2.381113004302e-02       3.014483701835e+04 
       2.393734569181e-02       3.003186199972e+04 
       2.406371250425e-02       2.991903858859e+04 
       2.419023379865e-02       2.980449918672e+04 
       2.431691297683e-02       2.969014392421e+04 
       2.444375352641e-02       2.957526860124e+04 
       2.457075902333e-02       2.946046345304e+04 
       2.469793313431e-02       2.934503339663e+04 
       2.482527961950e-02       2.922932909048e+04 
       2.495280233515e-02       2.911323895645e+04 
       2.508050523645e-02       2.899749848429e+04 
       2.520839238040e-02       2.888084002396e+04 
       2.533646792884e-02       2.876368975707e+04 
       2.546473615153e-02       2.864600038464e+04 
       2.559320142947e-02       2.852946700286e+04 
       2.572186825812e-02       2.841157045176e+04 
       2.585074125101e-02       2.829324243737e+04 
       2.597982514326e-02       2.817527118162e+04 
       2.610912479535e-02       2.805751613944e+04 
       2.623864519701e-02       2.793862913114e+04 
       2.636839147125e-02       2.782046853083e+04 
       2.649836887856e-02       2.770158261567e+04 
       2.662858282127e-02       2.758286829496e+04 
       2.675903884803e-02       2.746376911084e+04 
       2.688974265860e-02       2.734491315453e+04 
       2.702070010864e-02       2.722581819079e+04 
       2.715191721489e-02       2.710656189494e+04 
       2.728340016042e-02       2.698733590648e+04 
       2.741515530014e-02       2.686785101901e+04 
       2.754718916656e-02       2.674846254187e+04 
       2.767950847574e-02       2.662874561315e+04 
       2.781212013354e-02       2.650963512371e+04 
       2.794503124211e-02       2.639025578358e+04 
       2.807824910663e-02       2.627055298366e+04 
       2.821178124241e-02       2.615102289188e+04 
       2.834563538219e-02       2.603197874713e+04 
       2.847981948389e-02       2.591223685905e+04 
       2.861434173858e-02       2.579283472871e+04 
       2.874921057891e-02       2.567354843647e+04 
       2.888443468781e-02       2.555439744617e+04 
       2.902002300766e-02       2.543502653468e+04 
       2.915598474988e-02       2.531635481540e+04 
       2.929232940493e-02       2.519693426426e+04 
       2.942906675276e-02       2.507809035419e+04 
       2.956620687379e-02       2.495928907628e+04 
       2.970376016042e-02       2.484053465773e+04 
       2.984173732904e-02       2.472200294996e+04 
       2.998014943265e-02       2.460348433969e+04 
       3.011900787409e-02       2.448536448557e+04 
       3.025832441994e-02       2.436720568170e+04 
       3.039811121509e-02       2.424881551195e+04 
       3.053838079802e-02       2.413101308284e+04 
       3.067914611693e-02       2.401370987260e+04 
       3.082042054660e-02       2.389581507494e+04 
       3.096221790620e-02       2.377856779627e+04 
       3.110455247799e-02       2.366133572104e+04 
       3.124743902706e-02       2.354395672668e+04 
       3.139089282201e-02       2.342737151400e+04 
       3.153492965690e-02       2.331039911699e+04 
       3.167956587426e-02       2.319421959879e+04 
       3.182481838948e-02       2.307760075298e+04 
       3.197070471645e-02       2.296148144344e+04 
       3.211724299478e-02       2.284556882727e+04 
       3.226445201841e-02       2.272989609102e+04 
       3.241235126604e-02       2.261446895793e+04 
       3.256096093318e-02       2.249952280181e+04 
       3.271030196620e-02       2.238425641934e+04 
       3.286039609836e-02       2.226972761831e+04 
       3.301126588802e-02       2.215487587417e+04 
       3.316293475922e-02       2.204069101450e+04 
       3.331542704469e-02       2.192636264154e+04 
       3.346876803166e-02       2.181245404991e+04 
       3.362298401046e-02       2.169879388771e+04 
       3.377810232634e-02       2.158541088272e+04 
       3.393415143458e-02       2.147218896890e+04 
       3.409116095925e-02       2.135929703860e+04 
       3.424916175589e-02       2.124658762444e+04 
       3.440818597842e-02       2.113410354786e+04 
       3.456826715065e-02       2.102185698632e+04 
       3.472944024266e-02       2.090988344127e+04 
       3.489174175265e-02       2.079813764911e+04 
       3.505520979455e-02       2.068663558584e+04 
       3.521988419199e-02       2.057527659575e+04 
       3.538580657911e-02       2.046427166899e+04 
       3.555302050891e-02       2.035352363347e+04 
       3.572157156969e-02       2.024322107098e+04 
       3.589150751045e-02       2.013289449190e+04 
       3.606287837599e-02       2.002256591110e+04 
       3.623573665262e-02       1.991251589602e+04 
       3.641013742556e-02       1.980285514993e+04 
       3.658613854908e-02       1.969336450173e+04 
       3.676380083065e-02       1.958412220382e+04 
       3.694318823054e-02       1.947541996675e+04 
       3.712436807837e-02       1.936624631997e+04 
       3.730741130843e-02       1.925759160493e+04 
       3.749239271557e-02       1.914914954714e+04 
       3.767939123414e-02       1.904084580280e+04 
       3.786849024207e-02       1.893313801960e+04 
       3.805977789327e-02       1.882528077824e+04 
       3.825334748117e-02       1.871721145377e+04 
       3.844929783718e-02       1.860949749516e+04 
       3.864773376792e-02       1.850221109921e+04 
       3.884876653602e-02       1.839487941007e+04 
       3.905251438944e-02       1.828773374064e+04 
       3.925910314550e-02       1.818076005392e+04 
       3.946866683631e-02       1.807383583147e+04 
       3.968134842338e-02       1.796703761434e+04 
       3.989730059043e-02       1.786038197944e+04 
       4.011668662480e-02       1.775376462184e+04 
       4.033968139918e-02       1.764711242957e+04 
       4.056647246778e-02       1.754067415486e+04 
       4.079726129274e-02       1.743417100574e+04 
       4.103226461969e-02       1.732775232669e+04 
       4.127171602421e-02       1.722128386271e+04 
       4.151586765490e-02       1.711483206624e+04 
       4.176499220322e-02       1.700832406606e+04 
       4.201938513555e-02       1.690216466691e+04 
       4.227936722976e-02       1.679542018351e+04 
       4.254528746621e-02       1.668845392763e+04 
       4.281752633293e-02       1.658160017344e+04 
       4.309649961625e-02       1.647495455061e+04 
       4.338266276298e-02       1.636730456877e+04 
       4.367651591733e-02       1.626032232365e+04 
       4.397860975829e-02       1.615224761076e+04 
       4.428955228982e-02       1.604448454340e+04 
       4.461001677032e-02       1.593590842346e+04 
       4.494075101002e-02       1.582777527681e+04 
       4.528258831801e-02       1.571804142888e+04 
       4.563646044760e-02       1.560842678534e+04 
       4.600341297356e-02       1.549794756754e+04 
       4.638462364194e-02       1.538736138347e+04 
       4.678142437043e-02       1.527611453731e+04 
       4.719532775120e-02       1.516341397478e+04 
       4.762805913063e-02       1.505003035830e+04 
       4.808159562306e-02       1.493518528763e+04 
       4.855821377363e-02       1.481952490876e+04 
       4.906054803390e-02       1.470162741895e+04 
       4.959166276635e-02       1.458307123111e+04 
       5.015514115246e-02       1.446165189162e+04 
       5.075519511921e-02       1.433808465565e+04 
       5.139680113343e-02       1.421138174257e+04 
       5.208586722367e-02       1.408146197340e+04 
       5.282943638946e-02       1.394707479584e+04 
       5.363592964564e-02       1.380725729266e+04 
       5.451542636122e-02       1.365972557110e+04 
       5.547996664948e-02       1.350410925941e+04 
       5.654383409812e-02       1.333607221079e+04 
       5.772372769157e-02       1.315297408930e+04 
       5.903864900024e-02       1.294969937029e+04 
       6.050921441577e-02       1.271795292466e+04 
       6.215599369542e-02       1.244950528011e+04 
       6.399651340748e-02       1.213425196384e+04 
       6.604100510246e-02       1.176078058114e+04 
       6.828800148042e-02       1.132097997488e+04 
       7.072201619106e-02       1.081106052250e+04 
       7.331538420673e-02       1.023784744151e+04 
       7.603403783865e-02       9.619633363117e+03 
       7.884433894830e-02       8.980832422525e+03 
       8.171787190494e-02       8.348585638917e+03 
       8.463317159724e-02       7.749803559687e+03 
       8.757523533836e-02       7.204753376920e+03 
       9.053410865190e-02       6.727474616106e+03 
       9.350340560250e-02       6.324198824052e+03 
       9.647911600833e-02       5.994515947453e+03 
       9.945875476925e-02       5.732631989219e+03 
       1.024407943260e-01       5.528663524446e+03 
       1.054243002752e-01       5.369937074668e+03 
       1.084087026588e-01       5.242599634923e+03 
       1.113936543389e-01       5.132253437775e+03 
       1.143789440092e-01       5.026138339112e+03 
       1.173644430250e-01       4.912438498442e+03 
       1.203500730002e-01       4.783431983028e+03 
       1.233357860935e-01       4.635054883681e+03 
       1.263215530286e-01       4.465712434456e+03 
       1.293073558160e-01       4.278765949120e+03 
       1.322931833341e-01       4.079212005029e+03 
       1.352790286455e-01       3.874008250626e+03 
       1.382648873669e-01       3.670496798359e+03 
       1.412507566787e-01       3.475620298604e+03 
       1.442366347224e-01       3.295392384909e+03 
       1.472225202344e-01       3.133808794553e+03 
       1.502084123225e-01       2.993519969786e+03 
       1.531943103289e-01       2.874912448923e+03 
       1.561802137470e-01       2.777217138639e+03 
       1.591661221697e-01       2.697872024224e+03 
       1.621520352573e-01       2.633563281813e+03 
       1.651379527175e-01       2.580324741389e+03 
       1.681238742928e-01       2.533947872782e+03 
       1.711097997524e-01       2.491056145215e+03 
       1.740957288863e-01       2.447353040947e+03 
       1.770816615020e-01       2.399849816344e+03 
       1.800675974220e-01       2.346468471216e+03 
       1.830535364812e-01       2.286218087872e+03 
       1.860394785262e-01       2.219526295155e+03 
       1.890254234138e-01       2.147321000622e+03 
       1.920113710098e-01       2.071705279446e+03 
       1.949973211886e-01       1.994871694821e+03 
       1.979832738325e-01       1.919139009779e+03 
       2.009692288305e-01       1.846374305317e+03 
       2.039551860784e-01       1.778327602010e+03 
       2.069411454783e-01       1.716066788927e+03 
       2.099271069375e-01       1.660257118118e+03 
       2.129130703688e-01       1.611178158370e+03 
       2.158990356898e-01       1.568581027829e+03 
       2.188850028227e-01       1.531871478065e+03 
       2.218709716938e-01       1.500023810882e+03 
       2.248569422333e-01       1.471960918104e+03 
       2.278429143754e-01       1.446291308202e+03 
       2.308288880573e-01       1.421759669546e+03 
       2.338148632198e-01       1.397232686934e+03 
       2.368008398064e-01       1.371714040743e+03 
       2.397868177637e-01       1.344823661004e+03 
       2.427727970407e-01       1.316125166711e+03 
       2.457587775891e-01       1.285743228143e+03 
       2.487447593627e-01       1.253840074570e+03 
       2.517307423178e-01       1.220890337000e+03 
       2.547167264125e-01       1.187499930878e+03 
       2.577027116071e-01       1.154287871156e+03 
       2.606886978634e-01       1.121941246961e+03 
       2.636746851452e-01       1.091113532668e+03 
       2.666606734180e-01       1.062271721550e+03 
       2.696466626485e-01       1.035568168962e+03 
       2.726326528051e-01       1.011227728288e+03 
       2.756186438577e-01       9.891112685328e+02 
       2.786046357771e-01       9.690130878987e+02 
       2.815906285357e-01       9.506475364028e+02 
       2.845766221070e-01       9.335857342078e+02 
       2.875626164655e-01       9.175496877302e+02 
       2.905486115868e-01       9.021425379818e+02 
       2.935346074474e-01       8.870209754420e+02 
       2.965206040251e-01       8.718760249131e+02 
       2.995066012981e-01       8.565062687436e+02 
       3.024925992459e-01       8.407512829349e+02 
       3.054785978484e-01       8.245309369928e+02 
       3.084645970867e-01       8.080187921139e+02 
       3.114505969424e-01       7.912777878570e+02 
       3.144365973977e-01       7.744836731234e+02 
       3.174225984357e-01       7.578802682485e+02 
       3.204086000400e-01       7.416308672156e+02 
       3.233946021949e-01       7.258597927941e+02 
       3.263806048851e-01       7.107254014696e+02 
       3.293666080961e-01       6.963404092816e+02 
       3.323526118137e-01       6.827098652000e+02 
       3.353386160244e-01       6.698984340109e+02 
       3.383246207150e-01       6.579003505590e+02 
       3.413106258729e-01       6.465402822881e+02 
       3.442966314859e-01       6.358000961935e+02 
       3.472826375422e-01       6.254965292782e+02 
       3.502686440304e-01       6.155037937763e+02 
       3.532546509395e-01       6.057218608371e+02 
       3.562406582588e-01       5.960564868480e+02 
       3.592266659782e-01       5.864737098910e+02 
       3.622126740876e-01       5.769193857423e+02 
       3.651986825776e-01       5.673530161250e+02 
       3.681846914386e-01       5.577842019567e+02 
       3.711707006619e-01       5.482484224791e+02 
       3.741567102386e-01       5.387595865206e+02 
       3.771427201604e-01       5.293887195768e+02 
       3.801287304190e-01       5.201441799385e+02 
       3.831147410067e-01       5.111292770675e+02 
       3.861007519156e-01       5.023448727794e+02 
       3.890867631384e-01       4.938609879464e+02 
       3.920727746679e-01       4.856657271215e+02 
       3.950587864971e-01       4.777615695161e+02 
       3.980447986193e-01       4.701568072130e+02 
       4.010308110278e-01       4.628052053030e+02 
       4.040168237163e-01       4.556936477777e+02 
       4.070028366786e-01       4.488496702413e+02 
       4.099888499087e-01       4.422031927691e+02 
       4.129748634008e-01       4.357128093752e+02 
       4.159608771492e-01       4.293844829514e+02 
       4.189468911484e-01       4.231620483002e+02 
       4.219329053931e-01       4.169933982344e+02 
       4.249189198781e-01       4.109160569213e+02 
       4.279049345983e-01       4.048711593180e+02 
       4.308909495488e-01       3.988978771744e+02 
       4.338769647248e-01       3.929918198887e+02 
       4.368629801218e-01       3.871649105508e+02 
       4.398489957352e-01       3.814132972161e+02 
       4.428350115606e-01       3.757583070919e+02 
       4.458210275937e-01       3.701914651756e+02 
       4.488070438303e-01       3.647492079609e+02 
       4.517930602665e-01       3.594406595762e+02 
       4.547790768983e-01       3.542839541755e+02 
       4.577650937218e-01       3.492592109637e+02 
       4.607511107333e-01       3.443893050994e+02 
       4.637371279291e-01       3.396625453307e+02 
       4.667231453058e-01       3.350384632618e+02 
       4.697091628598e-01       3.305264492032e+02 
       4.726951805878e-01       3.261086400289e+02 
       4.756811984864e-01       3.217774106825e+02 
       4.786672165526e-01       3.175252901024e+02 
       4.816532347831e-01       3.133504026797e+02 
       4.846392531749e-01       3.092238564795e+02 
       4.876252717250e-01       3.051650378728e+02 
       4.906112904306e-01       3.011509391803e+02 
       4.935973092888e-01       2.971853513885e+02 
       4.965833282969e-01       2.932723768466e+02 
       4.995693474521e-01       2.894253324059e+02 
       5.025553667518e-01       2.856347573553e+02 
       5.055413861935e-01       2.819199935071e+02 
       5.085274057746e-01       2.782772447529e+02 
       5.115134254927e-01       2.747040775802e+02 
       5.144994453454e-01       2.711985142714e+02 
       5.174854653304e-01       2.677600633175e+02 
       5.204714854454e-01       2.643893367646e+02 
       5.234575056881e-01       2.610877157653e+02 
       5.264435260564e-01       2.578556761381e+02 
       5.294295465482e-01       2.546904575690e+02 
       5.324155671613e-01       2.515870261220e+02 
       5.354015878937e-01       2.485391964815e+02 
       5.383876087435e-01       2.455409421939e+02 
       5.413736297086e-01       2.425888470853e+02 
       5.443596507873e-01       2.396816913577e+02 
       5.473456719775e-01       2.368199332171e+02 
       5.503316932776e-01       2.340037478400e+02 
       5.533177146856e-01       2.312319285614e+02 
       5.563037362000e-01       2.285021007135e+02 
       5.592897578189e-01       2.258113569074e+02 
       5.622757795407e-01       2.231575518134e+02 
       5.652618013637e-01       2.205416959630e+02 
       5.682478232864e-01       2.179653801075e+02 
       5.712338453072e-01       2.154318543755e+02 
       5.742198674246e-01       2.129432157154e+02 
       5.772058896370e-01       2.104995367494e+02 
